datum	tmin	tmax	rhmin	rhmax	solar	wind
2013-07-01	8	25.7	34	96	25.667	0.257233785
2013-07-02	10.8	27.9	36	97	24.300	0.257523181
2013-07-03	11.7	28.8	35	97	20.936	0.309317118
2013-07-04	14.5	29.5	33	96	22.552	0.44299766
2013-07-05	14.9	29.3	33	94	19.490	0.542390063
2013-07-06	18.7	27.2	47	81	19.812	0.510271986
2013-07-07	17.8	28.1	45	95	21.898	0.417390069
2013-07-08	17.1	28.4	36	83	23.786	0.318721097
2013-07-09	15.2	30	36	92	23.607	0.253761535
2013-07-10	15.4	29.7	35	96	19.179	0.319733778
2013-07-11	15	24.9	52	93	14.317	0.244357632
2013-07-12	11.2	25.6	40	97	23.040	0.284866889
2013-07-13	13	27.4	38	97	22.257	0.237991889
2013-07-14	13.4	27.8	32	96	20.695	0.293113389
2013-07-15	12.9	28.7	31	97	18.479	0.351128472
2013-07-16	12.1	27.4	29	89	23.957	0.321325208
2013-07-17	11.3	28.9	31	96	24.142	0.349247667
2013-07-18	12.4	30	29	96	22.238	0.346498826
2013-07-19	14	31.2	25	96	22.164	0.341724535
2013-07-20	15.7	32.2	28	92	21.598	0.385127306
2013-07-21	14.5	28.8	28	83	24.219	0.328269653
2013-07-22	11.7	30.8	23	95	24.055	0.366319465
2013-07-23	13.1	33.7	17	96	23.240	0.395254625
2013-07-24	15	32.2	29	96	14.845	0.316116889
2013-07-25	15.1	32	31	96	20.169	0.347077542
2013-07-26	16.9	35	29	96	22.114	0.368923625
2013-07-27	18	35.8	27	95	21.964	0.410011576
2013-07-28	18	37.5	29	96	21.569	0.359085639
2013-07-29	19.5	37.5	16	82	20.804	1.039062472
2013-07-30	16.7	29.4	23	70	20.238	0.957754625
2013-07-31	12.8	31	26	88	17.575	0.602141188
2013-08-01	14.7	29	31	92	22.550	0.413339097
2013-08-02	14.5	34.9	25	96	22.566	0.365596063
2013-08-03	15.8	37.4	27	95	21.593	0.307725694
2013-08-04	17.9	37.6	24	95	20.983	0.528067104
2013-08-05	17.5	34.2	32	92	21.021	0.363425958
2013-08-06	18.2	37	22	96	20.975	0.395833347
2013-08-07	18.6	36.6	26	93	20.303	0.420283583
2013-08-08	17.8	39.8	15	94	20.167	0.41536459
2013-08-09	18.9	35.5	28	92	16.531	0.716290556
2013-08-10	14.2	26.5	35	95	15.330	0.535879632
2013-08-11	12	29.9	29	95	17.901	0.462094903
2013-08-12	14.3	30.7	28	95	21.141	0.416087931
2013-08-13	13.9	32.4	27	96	14.894	0.683883097
2013-08-14	15.1	18.4	82	96	3.635	0.2265625
2013-08-15	12.4	26.1	30	98	17.721	0.496383076
2013-08-16	10.2	27.4	24	97	19.952	0.362413188
2013-08-17	10.5	30	26	97	19.066	0.431857618
2013-08-18	12.5	32.3	27	97	18.722	0.394241896
2013-08-19	15.4	32.6	26	96	17.570	0.458622674
2013-08-20	15.2	23.4	41	78	7.300	0.582175882
2013-08-21	14.6	26.1	30	82	17.274	0.516348382
2013-08-22	14.5	26.7	31	83	17.523	0.412326375
2013-08-23	11.6	27.4	39	92	15.432	0.325520799
2013-08-24	12.9	20.4	71	96	5.602	0.226562514
2013-08-25	12.9	18.2	89	98	4.513	0.115451382
2013-08-26	14.7	21.9	64	97	9.478	0.265480313
2013-08-27	15.5	23.1	66	97	11.183	0.233362243
2013-08-28	15.3	21.5	68	97	5.973	0.236400444
2013-08-29	12.2	24.7	33	97	13.226	0.581018521
2013-08-30	11.8	25.2	33	94	12.550	0.353877319
2013-08-31	9.7	26.9	29	98	14.530	0.325376153
2013-09-01	11.6	25.4	39	97	10.593	0.354021993
2013-09-02	11.7	20.8	51	96	14.574	0.377748854
2013-09-03	13.1	26.8	36	95	11.455	0.741753444
2013-09-04	15.6	26.1	48	93	14.931	0.289351854
2013-09-05	14.5	26.3	48	97	12.329	0.231047438
2013-09-06	12.2	26.6	42	98	14.170	0.304976854
2013-09-07	12	25.9	38	98	12.427	0.181568278
2013-09-08	11.7	26.7	34	98	12.747	0.313368049
2013-09-09	14.1	19.2	83	98	2.774	0.215422465
2013-09-10	14.6	22	66	98	8.558	0.296006972
2013-09-11	10.8	16.6	64	96	6.037	0.317708313
2013-09-12	10.9	19.2	54	96	10.599	0.36574075
2013-09-13	7.2	20.2	40	98	13.168	0.513888882
2013-09-14	9.9	25	27	97	13.845	0.455150479
2013-09-15	9.3	23.9	47	97	9.872	0.256799743
2013-09-16	11.4	24.6	52	97	11.238	0.212962958
2013-09-17	7	16.7	79	95	4.122	0.319155083
2013-09-18	4.7	17.5	55	98	6.992	0.205584486
2013-09-19	9.4	20.4	41	98	8.708	0.358796306
2013-09-20	5.4	21.2	45	98	12.469	0.327835646
2013-09-21	10.3	21.2	41	98	11.584	0.614293965
2013-09-22	8.9	21.3	43	95	12.066	0.294994194
2013-09-23	6.5	24.5	34	98	12.338	0.239004618
2013-09-24	6.6	24	46	98	12.413	0.221064806
2013-09-25	8.8	22.1	56	98	11.125	0.204861125
2013-09-26	9.3	24.2	51	99	7.127	0.148582146
2013-09-27	9.9	14.3	78	96	2.834	0.184317104
2013-09-28	9.9	14.1	69	96	2.687	0.044994194
2013-09-29	8.1	11.6	94	98	1.246	0.22048609
2013-09-30	7.8	9.2	97	99	1.544	0.370225667
2013-10-01	7.6	16.8	50	98	8.364	0.238425924
2013-10-02	4.5	13.8	51	93	8.672	0.298032375
2013-10-03	0.2	12.8	38	97	11.007	0.271556743
2013-10-04	-1.2	13.4	40	98	10.436	0.211516194
2013-10-05	-0.9	9.9	64	98	4.127	0.119647
2013-10-06	7.4	12.2	89	97	3.939	0.032262722
2013-10-07	10.3	17.6	55	98	7.851	0.127893528
2013-10-08	7.4	20.2	38	97	9.655	0.159722215
2013-10-09	10.5	17.9	56	97	5.468	0.133101847
2013-10-10	10.6	19.6	62	98	7.324	0.280960639
2013-10-11	9.6	19	74	97	4.203	0.287326382
2013-10-12	7.8	14.3	80	99	4.344	0.241608799
2013-10-13	7.7	20.6	51	99	9.183	0.211950208
2013-10-14	5.1	18.3	56	98	8.316	0.11255784
2013-10-15	5.6	20.5	56	99	9.002	0.160011549
2013-10-16	5.9	15.5	39	98	7.843	0.480324069
2013-10-17	1.7	19.8	36	96	9.002	0.208767354
2013-10-18	2.3	21	36	98	8.266	0.152633083
2013-10-19	2.3	18.7	48	98	8.580	0.168836799
2013-10-20	4.4	22	47	98	7.738	0.366753472
2013-10-21	12	24	49	94	7.985	0.163339104
2013-10-22	6.5	23.2	52	98	6.305	0.119212965
2013-10-23	17.5	23.1	50	72	7.991	1.090856493
2013-10-24	11.2	21	59	96	3.690	0.205295139
2013-10-25	9.7	22.9	44	99	6.977	0.063223382
2013-10-26	7.3	24.6	43	99	8.553	0.080295132
2013-10-27	5.8	22.2	50	99	6.543	0.03153934
2013-10-28	10.7	22.9	53	97	8.193	0.679687493
2013-10-29	9.1	22.1	58	95	5.224	0.156249986
2013-10-30	6.6	13.8	67	95	2.707	0.253472229
2013-10-31	4.9	15.9	40	99	6.648	0.145833333
2013-11-01	4.6	17.8	53	97	7.618	0.103153931
2013-11-02	3.5	16.8	66	99	2.183	0.284866896
2013-11-03	7	17.5	67	99	1.785	0.52228009
2013-11-04	8.1	11.2	88	96	3.779	0.425781236
2013-11-05	4.6	11.1	90	98	1.484	0.132957181
2013-11-06	2.4	8.9	97	99	2.021	0.152343722
2013-11-07	5.2	18.6	56	100	7.379	0.141927076
2013-11-08	2.3	18.3	62	99	6.501	0.170283556
2013-11-09	7.2	18.8	63	97	0.885	0.569878465
2013-11-10	4.6	11.2	76	97	3.974	0.236400431
2013-11-11	5.6	8.6	54	97	1.759	0.848379639
2013-11-12	5.3	8.8	64	94	2.693	0.07841434
2013-11-13	6.2	7.7	89	97	0.605	0.043113417
2013-11-14	4.2	8.6	62	97	3.896	0.150028951
2013-11-15	4.7	6.7	94	98	0.502	0.294994243
2013-11-16	1.8	11.4	75	98	4.753	0.196325222
2013-11-17	0.1	11	79	100	5.435	0.378327542
2013-11-18	2.5	11.3	77	99	3.254	0.281828708
2013-11-19	4.8	6.9	96	99	0.861	0.155381924
2013-11-20	6.3	7.5	98	99	0.787	0.138454882
2013-11-21	3.9	9.2	95	99	1.870	0.439525479
2013-11-22	3.6	6.4	98	99	0.502	0.234085611
2013-11-23	6.3	8.8	93	99	0.430	0.852575208
2013-11-24	5.1	7.6	94	97	0.897	0.62094909
2013-11-25	1.1	5.3	39	96	2.414	2.087673625
2013-11-26	-0.6	5	42	68	3.163	2.285445604
2013-11-27	-4.5	3.8	44	84	4.691	1.186487243
2013-11-28	-6.3	5.5	39	96	4.927	0.218026611
2013-11-29	-5.8	8.7	36	97	5.000	0.186631958
2013-11-30	-1.8	4.5	69	95	2.672	0.153790493
2013-12-01	-3.1	9.4	46	98	4.828	0.306857611
2013-12-02	-4.4	8.3	56	98	4.754	0.383101882
2013-12-03	-5.8	6.5	65	98	4.656	0.161313667
2013-12-04	-5.5	-0.5	96	100	3.460	0.148871535
2013-12-05	-5.6	6	63	100	3.883	0.394675938
2013-12-06	-2.1	8	45	96	4.420	0.575520861
2013-12-07	-2	7.8	30	79	4.448	0.358506924
2013-12-08	-3.5	5.3	62	95	2.452	0.270109951
2013-12-09	-3.4	4.7	64	97	0.977	0.438368063
2013-12-10	2.2	12.3	58	84	3.981	0.352285889
2013-12-11	0.9	3.5	71	79	1.039	0.36053241
2013-12-12	-2.6	5.7	71	96	1.994	0.093026604
2013-12-13	-3.1	1.1	96	100	0.963	0.289351868
2013-12-14	-1.2	0.2	99	100	0.727	0.207465271
2013-12-15	-1.7	0.2	97	100	1.253	0.403211778
2013-12-16	-3.3	1.3	95	100	3.058	0.373842604
2013-12-17	-3.7	-2.3	99	100	0.906	0.304108757
2013-12-18	-4.1	-2.5	99	100	0.455	0.226273153
2013-12-19	-4.4	1	88	99	2.977	0.315682833
2013-12-20	-1.6	3.4	95	100	2.117	0.288049771
2013-12-21	-0.3	4.3	96	100	1.699	0.225839076
2013-12-22	-0.3	3.5	98	100	1.506	0.051504618
2013-12-23	-0.8	2.1	100	100	2.336	0.004918972
2013-12-24	-1.5	12.7	52	100	4.095	1.151909694
2013-12-25	8.1	13.1	50	72	2.083	2.075810194
2013-12-26	7	11.8	57	96	1.322	0.348234944
2013-12-27	4.1	8.2	81	97	1.698	0.071035861
2013-12-28	-0.7	11.9	63	100	2.331	0.103153917
2013-12-29	4.1	11.5	57	94	1.207	0.225694451
2013-12-30	3.2	7.4	70	96	2.554	0.073350681
2013-12-31	3.8	4.9	82	96	0.784	0.014467604
2014-01-01	3.8	6.5	77	96	1.989	0.152633104
2014-01-02	-0.4	9.5	58	98	3.191	0.533420146
2014-01-03	0.1	12.7	61	96	4.009	0.221354167
2014-01-04	-0.7	11.3	71	98	2.661	0.334056694
2014-01-05	6.4	12.2	74	98	1.474	0.294126153
2014-01-06	1.1	12.3	62	98	4.663	0.094762736
2014-01-07	-0.7	6.3	96	100	2.281	0.076678222
2014-01-08	1.4	3.1	99	100	1.639	0.00795716
2014-01-09	-0.8	4.6	100	100	1.798	0.012876132
2014-01-10	1.4	7.4	98	100	2.926	0.135995333
2014-01-11	2.8	7.1	90	100	2.460	0.080729139
2014-01-12	0.2	9.9	61	100	4.419	0.105468743
2014-01-13	-2.7	5.5	94	100	4.050	0.084056722
2014-01-14	-0.7	10.4	71	100	2.567	0.150173604
2014-01-15	2.7	6.6	84	98	1.760	0.143084486
2014-01-16	-0.9	9.1	61	100	3.485	0.20732059
2014-01-17	8	11.4	62	83	3.148	1.068576375
2014-01-18	8.6	14	66	85	2.867	0.603153944
2014-01-19	4.3	12.3	70	96	1.129	0.218026625
2014-01-20	7.4	12.3	78	99	2.734	0.163773132
2014-01-21	2.2	11.6	67	97	3.325	0.063946764
2014-01-22	1.8	5.5	85	96	1.764	0.231626146
2014-01-23	0.9	3.9	94	98	0.704	0.110821757
2014-01-24	-1.1	1.1	95	99	0.104	0.017939813
2014-01-25	-6.6	1.5	56	100	3.626	0.126302069
2014-01-26	-8.9	-4.2	73	88	3.840	0.262008118
2014-01-27	-7.9	-2.8	81	94	2.353	0.289930563
2014-01-28	-4.6	-1.1	81	96	0.935	0.105324056
2014-01-29	-4	-0.2	78	97	0.896	0.18359375
2014-01-30	-7.7	-0.9	87	96	0.344	0.104890028
2014-01-31	-2.9	-0.8	92	96	0.264	0.268518535
2014-02-01	-4.6	-2.2	86	94	0.228	0.288339104
2014-02-02	-2.5	0.2	94	98	0.235	0.144241882
2014-02-03	-2.1	-0.4	91	97	0.605	0.023292813
2014-02-04	-2	-0.8	89	97	0.446	0.10792825
2014-02-05	-1.7	1	95	99	0.568	0.131221076
2014-02-06	-2.2	4.6	94	100	1.108	0.076099535
2014-02-07	-3.4	11.1	55	100	5.924	0.494212951
2014-02-08	3.6	8.7	64	96	3.524	0.458188667
2014-02-09	0.1	11.5	64	98	1.599	0.398003493
2014-02-10	-3	9.5	64	100	3.880	0.089988431
2014-02-11	4.5	7.5	90	98	1.491	0.151620347
2014-02-12	-0.9	5.3	89	98	2.710	0.024305542
2014-02-13	-3.6	11.1	53	100	7.641	0.313946778
2014-02-14	1.6	11.9	29	97	8.985	0.366898194
2014-02-15	4.4	12.6	36	75	7.130	0.901331007
2014-02-16	5.1	15.4	58	92	5.344	0.864004653
2014-02-17	0.4	5.2	91	98	2.249	0.106192118
2014-02-18	-1.4	6	94	100	3.483	0.018084486
2014-02-19	2.3	12	82	99	3.352	0.202401611
2014-02-20	3.3	11.3	60	96	5.602	0.118778924
2014-02-21	4.4	11.5	71	96	7.180	0.301504604
2014-02-22	4.5	7	86	97	1.273	0.127025451
2014-02-23	4.1	9.5	49	90	2.762	0.361111097
2014-02-24	1.1	13.1	43	92	10.071	0.397569458
2014-02-25	-1.1	11.2	58	99	10.562	0.522135417
2014-02-26	-0.6	13.6	50	99	7.457	0.599247681
2014-02-27	2.8	16.2	39	86	9.673	0.566550917
2014-02-28	5.6	12.2	42	73	7.358	0.617766201
2014-03-01	0	14.5	42	95	8.438	0.371093764
2014-03-02	4	10	62	85	4.494	0.570457111
2014-03-03	2.3	7.2	81	96	3.658	0.248842569
2014-03-04	4.8	7.9	78	97	2.170	0.358796271
2014-03-05	5.7	13.3	39	85	8.391	0.905671292
2014-03-06	7.5	10.1	56	65	3.299	1.055700208
2014-03-07	3.3	12.6	46	81	11.609	0.431568292
2014-03-08	1.4	14	42	87	10.498	0.451099556
2014-03-09	-0.4	14.1	41	92	12.365	0.537615729
2014-03-10	2.5	12.8	41	86	9.751	0.609953639
2014-03-11	0	15.6	16	91	12.983	0.749855333
2014-03-12	-0.8	17.9	25	84	12.572	0.605324076
2014-03-13	-0.9	17.3	31	89	12.980	0.476707181
2014-03-14	-0.4	20.4	26	96	13.146	0.409866903
2014-03-15	1.3	17.6	39	94	5.796	0.597945597
2014-03-16	6.7	20.8	29	72	12.854	1.393084479
2014-03-17	3.7	24.2	20	87	14.496	0.431712951
2014-03-18	2.5	21	32	96	14.053	0.405526611
2014-03-19	6.5	18.3	21	88	14.399	1.102430556
2014-03-20	1.8	20.9	24	88	15.047	0.572048576
2014-03-21	2	21.4	26	93	13.918	1.017795125
2014-03-22	11.4	18.5	42	67	14.261	1.362557896
2014-03-23	6.8	16.4	52	93	4.156	0.836226833
2014-03-24	2	11.7	40	94	8.894	0.596643479
2014-03-25	-0.8	11.1	39	97	8.799	0.455729153
2014-03-26	2.1	12.4	38	95	9.082	0.480758111
2014-03-27	3.7	12.5	55	82	4.935	0.490306736
2014-03-28	6.2	17.8	26	80	15.474	0.793258076
2014-03-29	1.6	20.9	29	94	16.337	0.463975708
2014-03-30	1.6	22.5	25	96	16.246	0.337962958
2014-03-31	4.1	21.7	28	94	12.694	0.362847208
2014-04-01	4.8	21	34	95	14.994	0.429108799
2014-04-02	4.9	22	27	97	16.061	0.521701389
2014-04-03	4	19.4	41	95	9.456	0.31886575
2014-04-04	6.9	22.1	30	95	14.764	0.414930583
2014-04-05	12.2	19.5	47	94	8.326	0.449363444
2014-04-06	8.9	20.3	52	98	10.501	0.304976847
2014-04-07	6.8	22.5	32	99	17.391	0.429253472
2014-04-08	5.9	25.6	33	98	15.129	0.463396979
2014-04-09	6	15.5	25	94	16.731	0.970052056
2014-04-10	1.9	15.2	40	91	10.032	0.428385417
2014-04-11	2.5	16.8	32	93	16.588	0.384114583
2014-04-12	2.5	16.8	41	96	11.623	0.263454819
2014-04-13	3.3	17.4	39	98	10.814	0.323206014
2014-04-14	2.3	20.7	34	98	10.667	0.357494215
2014-04-15	4.3	11.8	29	92	9.603	1.006076361
2014-04-16	0.3	12.5	35	84	12.930	1.176070569
2014-04-17	4.8	11.7	38	59	6.676	1.003038181
2014-04-18	1.1	19.8	31	92	18.967	0.538194417
2014-04-19	9.6	20.4	39	94	13.046	0.544415507
2014-04-20	9.2	12.9	85	96	7.297	0.101707139
2014-04-21	9.4	17.3	70	98	6.894	0.194010382
2014-04-22	10.3	21.4	46	98	19.968	0.301938653
2014-04-23	11.3	20.8	50	93	10.760	0.403067104
2014-04-24	13.2	21.1	51	92	9.733	0.401765028
2014-04-25	12.7	15.4	88	97	3.508	0.139467597
2014-04-26	12.9	17.5	69	98	9.474	0.160734938
2014-04-27	10.8	22	45	98	15.644	0.286603014
2014-04-28	9.3	20.2	48	98	10.639	0.219184014
2014-04-29	10.7	19.5	53	91	7.822	0.293836806
2014-04-30	8.7	22	44	96	14.910	0.314525444
2014-05-01	8	23.3	38	97	17.238	0.337528951
2014-05-02	6.6	23.5	32	98	15.973	0.294704833
2014-05-03	8	14.9	66	98	4.863	0.439091403
2014-05-04	5.1	16.3	27	78	24.100	1.776620354
2014-05-05	1.9	17.6	34	94	22.689	0.364728007
2014-05-06	2.4	21.7	30	97	21.885	0.359809021
2014-05-07	8.9	21.4	39	95	13.615	0.61805559
2014-05-08	9.1	22.5	35	98	18.375	0.287615729
2014-05-09	6.4	24.5	39	98	20.771	0.29166666
2014-05-10	12.3	23.8	45	97	22.446	0.482494229
2014-05-11	6.4	22.4	52	96	9.005	0.492042833
2014-05-12	5.6	19.2	30	95	21.669	0.409432882
2014-05-13	6.8	13.2	67	96	7.958	0.500868063
2014-05-14	5.9	16.4	35	97	16.377	1.655381924
2014-05-15	9.2	13.5	38	78	7.237	2.780237292
2014-05-16	8.2	12.1	56	90	3.130	1.261574069
2014-05-17	7.8	14.3	70	96	6.117	0.093026611
2014-05-18	9.2	19.4	52	98	13.859	0.254484951
2014-05-19	6.5	23.5	36	99	24.101	0.723668965
2014-05-20	8.4	24.9	31	97	24.345	0.641203681
2014-05-21	9.1	26.3	38	96	23.531	0.372106486
2014-05-22	11.5	28	40	96	22.481	0.522858757
2014-05-23	14.3	28.6	33	86	19.746	0.525318257
2014-05-24	14.5	27.9	27	97	22.822	0.375868035
2014-05-25	13.2	26.3	40	95	15.429	0.381076389
2014-05-26	12.2	26.1	45	98	13.500	0.262731472
2014-05-27	12.4	24	33	99	24.927	0.728443271
2014-05-28	13.1	17.3	58	90	9.378	0.362847222
2014-05-29	12.3	21	40	92	16.382	0.600549729
2014-05-30	8.4	17.7	37	92	18.791	0.469618076
2014-05-31	7.4	18.8	37	86	12.522	0.638888861
2014-06-01	11.4	20.6	40	84	12.388	0.349826389
2014-06-02	9.6	22.4	32	89	17.204	0.438802076
2014-06-03	9.8	23.2	36	97	15.527	0.315827542
2014-06-04	7.8	24.1	36	99	24.353	0.358506924
2014-06-05	10.6	22.1	56	97	10.686	0.464409722
2014-06-06	10.4	27.2	37	97	24.933	0.307146993
2014-06-07	11.6	30	36	98	23.412	0.186487271
2014-06-08	14.3	31.3	32	97	24.273	0.254484944
2014-06-09	15.4	32.1	27	97	24.640	0.238136569
2014-06-10	14.4	33	27	97	24.749	0.314380757
2014-06-11	15.8	35	15	97	24.587	0.382378458
2014-06-12	17	30.6	39	92	12.371	0.353009243
2014-06-13	15	27.5	40	97	17.611	0.21368634
2014-06-14	14.3	23.9	41	96	20.362	0.210069451
2014-06-15	12.4	23.1	31	84	19.304	0.483217569
2014-06-16	10.7	24	30	90	19.656	0.324942132
2014-06-17	13.9	19.8	50	90	7.165	0.10966434
2014-06-18	13.3	26.5	24	91	22.734	0.29282409
2014-06-19	11.5	27.4	24	94	20.504	0.511284736
2014-06-20	12.2	23.7	41	96	15.879	0.359085618
2014-06-21	10.5	23.1	33	98	19.397	0.287181729
2014-06-22	9.8	28.4	34	96	24.850	0.324074063
2014-06-23	15.4	27.4	38	93	16.304	0.303530118
2014-06-24	13.7	20.2	56	97	7.425	0.235821757
2014-06-25	13.6	18.5	84	98	9.344	0.20225691
2014-06-26	10.2	24.5	29	98	24.959	0.413483764
2014-06-27	12.6	25.7	43	95	19.807	0.224971063
2014-06-28	12.1	27.7	40	98	23.730	0.391493069
2014-06-29	19.4	28.6	37	80	18.108	0.675202542
2014-06-30	11.3	20.9	51	96	11.345	0.545138889
2014-07-01	9.5	23.8	37	98	22.417	0.43330441
2014-07-02	11	26.7	35	98	16.991	0.397280063
2014-07-03	13.6	27.2	29	95	24.208	0.447771951
2014-07-04	11.1	26.4	34	98	23.508	0.418692132
2014-07-05	13.7	29.7	30	95	18.647	0.250578674
2014-07-06	15.3	29.9	34	96	24.408	0.297309014
2014-07-07	15.6	31.7	32	98	23.722	0.196903917
2014-07-08	18.2	26.5	46	94	16.961	0.400752306
2014-07-09	13.8	23.1	46	96	13.191	0.319733799
2014-07-10	13.4	15.6	93	98	4.653	0.258680542
2014-07-11	13.5	23.2	50	97	10.064	0.524160854
2014-07-12	13.4	26	34	92	17.745	0.453993049
2014-07-13	15	26	45	97	18.026	0.26171875
2014-07-14	15.6	24.9	60	97	11.089	0.232204861
2014-07-15	16.3	29.1	37	92	20.890	0.580295118
2014-07-16	17	30	33	95	22.059	0.45196759
2014-07-17	17.6	30.6	30	80	18.027	0.560908514
2014-07-18	16.2	30.1	32	87	21.953	0.313223389
2014-07-19	16.4	31.4	34	96	23.183	0.249421278
2014-07-20	16.2	31.4	43	97	21.785	0.424045132
2014-07-21	17.8	27.7	43	93	11.029	0.381221056
2014-07-22	13.5	23.3	69	97	6.583	0.138744194
2014-07-23	17.9	27.9	37	97	20.334	0.782696757
2014-07-24	13	28.5	31	94	22.449	0.215133083
2014-07-25	17	26.9	46	95	11.964	0.238859944
2014-07-26	16.7	29	45	98	17.066	0.258680542
2014-07-27	16.7	25.8	59	97	11.010	0.368055528
2014-07-28	18.5	24.6	66	97	9.435	0.118200201
2014-07-29	18.4	27.3	53	99	15.738	0.234085618
2014-07-30	16.6	26.5	64	98	9.256	0.347945576
2014-07-31	17.2	26.4	59	98	10.784	0.230613424
2014-08-01	18.4	28.1	51	95	18.731	0.138888875
2014-08-02	16.6	29	49	98	20.505	0.162760389
2014-08-03	16.4	30.5	46	98	18.394	0.196180549
2014-08-04	16.6	29	46	94	16.472	0.278790514
2014-08-05	16.5	24.9	58	97	6.240	0.301938639
2014-08-06	16.5	24.5	49	94	15.594	0.38006366
2014-08-07	16.8	26.9	40	94	17.910	0.310619222
2014-08-08	14.8	29	38	97	20.914	0.256944438
2014-08-09	14.9	30.9	42	98	17.863	0.360387757
2014-08-10	16.5	30.2	48	98	20.351	0.187210618
2014-08-11	16.8	31.3	46	98	18.936	0.371527764
2014-08-12	16.8	21.7	69	94	4.584	0.476562528
2014-08-13	15.8	26.9	63	97	10.083	0.339597902
2014-08-14	13.7	20.2	75	98	4.593	0.239872681
2014-08-15	13.7	20.3	62	96	8.367	0.215711799
2014-08-16	11.3	22.4	34	97	12.927	0.335937493
2014-08-17	10.5	24.5	33	97	19.831	0.366898139
2014-08-18	9.3	25.5	44	98	18.641	0.407407403
2014-08-19	12.1	25.3	53	97	8.892	0.218605326
2014-08-20	14.5	20.5	68	97	6.925	0.186342576
2014-08-21	12.5	23.8	42	97	16.611	0.244936326
2014-08-22	10.9	23.1	60	98	10.702	0.109375007
2014-08-23	12.7	20.8	79	99	6.768	0.153645847
2014-08-24	11.7	23.4	36	97	8.714	0.228587972
2014-08-25	11.8	12.2	97	98	17.152	0.251591417
2014-08-26	13.61719806	18.61719806	88.86322161	90.86322161	6.349	0.200376146
2014-08-27	13.85156155	20.85156155	85.34034854	87.34034854	14.170	0.250578681
2014-08-28	13.07181678	17.07181678	78.51977481	80.51977481	17.067	0.202112264
2014-08-29	14.36915501	18.36915501	80.55608724	82.55608724	15.413	0.174479146
2014-08-30	15.18460499	21.18460499	82.40701641	84.40701641	15.780	0.131799771
2014-08-31	15.55619106	21.55619106	85.72262356	87.72262356	9.858	0.20037616
2014-09-01	13.9	14.9	92	94	8.296	0.430989583
2014-09-02	13.4	15.5	92	97	6.503	0.174913194
2014-09-03	13.4	22.1	63	97	15.195	0.339699049
2014-09-04	15.7	20.8	79	96	7.694	0.112557896
2014-09-05	16.2	26.1	51	98	22.434	0.127314826
2014-09-06	16	18.1	94	98	5.484	0.051504625
2014-09-07	14.4	20.4	67	99	15.206	0.071035861
2014-09-08	12.1	26.2	50	99	-0.036	0.008064516
2014-09-09	12.9	27.9	52	99	3.037	0.043535001
2014-09-10	15.3	18.1	92	98	6.731	0.243920722
2014-09-11	12.7	16.1	90	98	6.211	0.230457195
2014-09-12	12.4	17.1	80	98	6.141	0.164207174
2014-09-13	12.5	18.6	69	97	4.787	0.470630785
2014-09-14	13	18.4	76	98	9.529	0.110387736
2014-09-15	12.8	20.1	77	99	11.730	0.097656229
2014-09-16	13.4	22.2	64	99	12.336	0.104456007
2014-09-17	11.8	21.9	57	100	12.923	0.133825222
2014-09-18	8.5	22.1	47	99	8.659	0.15769675
2014-09-19	10.3	25.2	50	100	12.642	0.135127306
2014-09-20	12.4	25.1	62	99	11.024	0.082031236
2014-09-21	15.3	27.1	39	97	10.614	0.319589139
2014-09-22	11.3	20.1	33	98	11.730	0.351851847
2014-09-23	6.7	18.7	36	95	5.100	0.50810184
2014-09-24	6.4	19.3	46	98	6.390	0.336371549
2014-09-25	7.5	16.7	58	98	7.814	0.081163194
2014-09-26	9.6	19.7	50	98	12.006	0.042245368
2014-09-27	10.5	20.3	64	98	11.767	0.093460632
2014-09-28	8.8	23.3	46	100	11.361	0.137586806
2014-09-29	7.6	23.7	51	100	5.281	0.141927076
2014-09-30	9.6	20.4	71	99	5.930	0.162471056
2014-10-01	12	18.7	80	100	8.084	0.196035861
2014-10-02	10.2	20.3	68	97	5.023	0.119646972
2014-10-03	7.7	20.5	56	99	7.473	0.15610534
2014-10-04	7.2	17.2	71	99	8.145	0.042534715
2014-10-05	9	18.8	59	98	8.124	0.118489576
2014-10-06	6.5	18.3	62	99	7.785	0.126012715
2014-10-07	9.4	20.9	56	99	9.929	0.244502313
2014-10-08	9.2	23.2	56	100	9.257	0.668692167
2014-10-09	17.3	25.2	46	76	9.556	1.235532417
2014-10-10	13.7	26.7	42	94	9.302	0.11357059
2014-10-11	10.8	26.4	44	99	8.916	0.303530076
2014-10-12	11.6	25.4	50	98	8.616	0.145978014
2014-10-13	13.4	26	46	92	6.844	0.639322924
2014-10-14	12.8	25.7	34	95	7.530	0.455295118
2014-10-15	12.6	21.5	64	98	7.042	0.103153958
2014-10-16	14.4	23.3	48	98	9.371	0.193431715
2014-10-17	11	23.4	61	98	9.264	0.264178194
2014-10-18	7.6	23.3	41	99	8.572	0.123263861
2014-10-19	8	22.5	50	100	7.279	0.081307861
2014-10-20	6.7	25.4	49	100	6.073	0.069589111
2014-10-21	11.5	21.3	63	99	0.600	0.15393516
2014-10-22	5.6	14.9	47	97	1.762	0.722077535
2014-10-23	6.6	11.4	68	94	2.310	0.34722225
2014-10-24	7.4	11.7	68	90	2.411	0.654079854
2014-10-25	2.7	8.6	84	95	3.240	0.097077535
2014-10-26	2.3	9.1	82	98	7.115	0.223379618
2014-10-27	0.8	9.7	74	98	6.331	0.068721063
2014-10-28	-0.3	10.1	77	99	5.757	0.118634229
2014-10-29	-0.3	9	76	100	7.542	0.156973375
2014-10-30	4.6	10.8	68	98	7.304	0.106481451
2014-10-31	1.6	14.6	60	98	4.714	0.144965292
2014-11-01	3.5	16.3	57	97	2.805	0.141059035
2014-11-02	3	15.5	64	99	5.718	0.077690958
2014-11-03	2.8	15	60	100	4.423	0.348813653
2014-11-04	8.6	18.6	51	83	2.995	1.334056715
2014-11-05	6.8	21.2	45	94	2.567	0.550636535
2014-11-06	9.9	18.1	76	98	1.377	0.214409701
2014-11-07	9.9	16.1	97	99	1.667	0.020833333
2014-11-08	9.5	13.2	93	100	6.198	0.038483778
2014-11-09	7.4	13.9	80	99	5.094	0.102575229
2014-11-10	6.6	18.7	62	100	3.847	0.410590292
2014-11-11	9.3	19.5	56	98	0.703	0.490451382
2014-11-12	7.2	14.8	86	99	1.888	0.140914354
2014-11-13	9	10.9	91	97	4.481	0.129918965
2014-11-14	10.2	12.8	90	97	5.624	0.069155111
2014-11-15	8.1	14.9	72	98	2.228	0.556423632
2014-11-16	7.1	17.5	50	99	3.265	0.541956042
2014-11-17	6.5	12.3	88	99	4.375	0.217447903
2014-11-18	6.5	14.8	60	99	5.440	0.707465271
2014-11-19	5.4	12.9	64	96	4.401	0.289496528
2014-11-20	1.6	13.9	50	99	4.843	0.179108785
2014-11-21	0.7	9.6	68	97	1.544	0.203124965
2014-11-22	0.7	11.8	56	99	0.852	0.164207181
2014-11-23	0.2	3.2	96	100	1.388	0.242910875
2014-11-24	2.7	4.4	91	100	1.614	0.121238451
2014-11-25	1.7	5.6	83	98	1.610	0.176793972
2014-11-26	2.4	4.8	78	97	0.728	0.342592611
2014-11-27	1.3	3.2	79	92	0.724	0.650173611
2014-11-28	1.1	3.5	90	99	0.703	0.245949083
2014-11-29	2.9	3.8	98	100	0.364	0.058015049
2014-11-30	3	4.2	99	100	0.616	0.107349507
2014-12-01	2.1	3.6	100	100	0.533	0.151620354
2014-12-02	1.4	2.4	99	100	0.681	0.177951375
2014-12-03	1.7	3.8	99	100	0.984	0.116174757
2014-12-04	3.7	4.3	99	100	0.333	0.054108785
2014-12-05	3.9	5.4	98	100	0.766	0.044126146
2014-12-06	4.7	5.5	99	100	2.283	0.143952549
2014-12-07	4.9	6.2	98	99	1.168	0.008391194
2014-12-08	2.5	6.5	91	100	4.180	0.037181694
2014-12-09	-1.7	4.9	54	98	3.639	0.677951382
2014-12-10	-3.5	6.7	55	97	3.985	0.145544
2014-12-11	-2.4	8.9	55	99	3.336	0.087239583
2014-12-12	-3.7	9.8	50	100	2.319	0.213396972
2014-12-13	-2.2	13.4	52	96	2.333	0.267071771
2014-12-14	0.6	13	63	98	1.277	0.117042819
2014-12-15	-1.4	7.8	85	99	2.012	0.03935184
2014-12-16	-1.4	4.3	98	100	2.442	0
2014-12-17	2.4	8.2	84	100	3.866	0.044994208
2014-12-18	1.1	10	80	99	4.306	0.100260424
2014-12-19	1.1	15.4	50	100	4.266	0.136429403
2014-12-20	1.1	13.8	61	99	1.383	0.281683986
2014-12-21	-1.7	12.2	33	96	3.782	0.317563646
2014-12-22	-3.1	8.5	51	98	3.457	0.148148132
2014-12-23	-0.6	15.1	42	95	3.868	0.161168972
2014-12-24	-3.4	6.8	76	99	3.619	0.098379639
2014-12-25	-3.5	11.2	49	100	1.741	0.227141188
2014-12-26	-3.1	7.4	43	98	0.187	0.189959493
2014-12-27	-4.6	1.2	69	98	0.577	0.487702556
2014-12-28	-4	-0.6	52	99	1.360	0.673177076
2014-12-29	-9.1	0.2	35	91	5.080	0.856626174
2014-12-30	-11.9	-0.6	45	92	1.770	0.372540514
2014-12-31	-13.9	-2.8	46	92	4.103	0.352719868
2015-01-01	-9.7	-0.9	54	85	4.385	0.232060167
2015-01-02	-6.2	4	60	96	4.550	0.221354146
2015-01-03	-5.4	6.7	63	99	3.045	0.236979146
2015-01-04	-2.7	7.7	33	99	3.321	0.884982667
2015-01-05	-4.1	5.3	49	97	2.546	0.602864611
2015-01-06	-4.2	6.5	54	96	1.920	0.20703125
2015-01-07	-6.1	1.1	70	98	2.614	0.209924743
2015-01-08	-7	-0.7	85	97	4.621	0.114004618
2015-01-09	-4.5	7.7	63	98	0.310	0.154947917
2015-01-10	2.6	15.7	42	82	2.873	0.19646991
2015-01-11	-0.5	6.4	75	97	4.525	0.250868076
2015-01-12	-2.7	8.2	46	97	4.139	0.075520833
2015-01-13	-3.3	12.3	40	98	3.806	0.104456007
2015-01-14	-1.9	11.1	42	96	4.674	0.227575222
2015-01-15	-2.2	9.6	65	98	1.647	0.114583313
2015-01-16	-1.4	13.8	52	99	1.452	1.117910875
2015-01-17	5.4	12.7	56	81	3.910	1.060619201
2015-01-18	0.2	9.4	72	96	1.595	0.158130792
2015-01-19	-1.3	7.8	65	97	1.216	0.157118069
2015-01-20	-1.4	3.8	96	100	0.933	0.192853
2015-01-21	2.5	4.4	96	100	0.616	0.037181708
2015-01-22	3.8	6.6	97	100	1.829	0.004340278
2015-01-23	4.9	6.4	67	98	2.244	0.294994208
2015-01-24	1.8	6.1	63	95	5.140	0.304542826
2015-01-25	0.6	5.1	57	98	1.674	1.152054403
2015-01-26	-3.8	4.9	57	95	5.828	0.1587095
2015-01-27	-5.1	1.5	81	98	3.883	0.027633097
2015-01-28	-5	6.5	51	99	0.156	0.241319444
2015-01-29	0	4.5	58	87	5.846	0.415364583
2015-01-30	-0.1	2	80	99	2.684	0.157262736
2015-01-31	-2.8	6.9	56	97	4.090	0.136718743
2015-02-01	-3.2	2.5	76	98	4.325	0.096788194
2015-02-02	-5	6.2	61	100	2.544	0.129918972
2015-02-03	-4.5	0.7	90	99	1.721	0.120515028
2015-02-04	-0.3	1.9	74	98	2.575	0.208188667
2015-02-05	-1.4	0.9	69	95	6.101	0.510272014
2015-02-06	-0.8	0.9	56	70	5.045	1.312644688
2015-02-07	-6.5	3.3	47	87	2.418	0.470920132
2015-02-08	-7.6	3.8	43	95	3.901	0.962962938
2015-02-09	-3.1	0.5	53	91	4.743	0.311487264
2015-02-10	-0.8	5.7	68	93	5.210	0.208188667
2015-02-11	-1.2	5.8	71	98	7.232	0.160156257
2015-02-12	-1.6	6.5	64	94	7.250	0.186487278
2015-02-13	-4.2	6.8	58	99	6.281	0.176070604
2015-02-14	-3.5	8.7	63	98	8.679	0.249276597
2015-02-15	-2.9	11.7	49	98	6.176	0.131510403
2015-02-16	-1.4	11.6	41	97	4.014	0.262008111
2015-02-17	-3.7	6.8	58	98	8.616	0.37384259
2015-02-18	-2.7	7.6	43	88	9.022	0.187210618
2015-02-19	-5.7	9.2	49	97	9.269	0.144386563
2015-02-20	-5	12.5	38	98	1.729	0.351273146
2015-02-21	-2	11.6	40	89	2.985	1.131365729
2015-02-22	1.7	6.2	69	96	1.622	0.41796875
2015-02-23	3	7.6	82	97	3.032	0.134693264
2015-02-24	4	6	94	98	9.725	0.046440972
2015-02-25	3.5	8.2	55	96	8.539	0.303964118
2015-02-26	0.4	11.4	42	88	7.744	0.368923604
2015-02-27	-2.2	10.8	52	98	7.989	0.42607059
2015-02-28	-0.4	9.9	54	96	3.761	0.253472215
2015-03-01	-1.7	11.3	50	97	11.415	0.293981479
2015-03-02	3.2	13.2	59	96	7.724	0.502604174
2015-03-03	-0.3	13.1	18	99	7.669	0.519531264
2015-03-04	-1.5	11.7	36	88	9.298	0.630787056
2015-03-05	3.9	8.9	34	61	8.058	1.55975116
2015-03-06	-1.7	7.7	35	78	11.893	1.30772566
2015-03-07	-3.4	10.7	37	92	11.520	0.573784722
2015-03-08	-4.2	11.1	33	97	11.727	0.307870375
2015-03-09	-3.6	10.6	40	96	4.964	0.439525493
2015-03-10	-2.6	14.7	27	97	7.550	0.408854188
2015-03-11	-1	10.7	41	91	8.244	0.945457132
2015-03-12	4.2	9.2	39	56	8.202	1.140335632
2015-03-13	2.4	7.9	46	78	4.338	0.631365736
2015-03-14	-0.5	9.5	53	94	8.850	0.307291667
2015-03-15	-1.4	9.4	60	96	9.769	0.150318264
2015-03-16	0.1	12.3	55	98	13.516	0.285011569
2015-03-17	1.5	13.7	41	96	13.159	0.343315972
2015-03-18	-0.5	14.9	26	96	12.338	0.358651611
2015-03-19	-0.1	14	32	86	13.923	0.540075236
2015-03-20	-2.3	13.7	27	95	10.534	0.330005792
2015-03-21	-2.3	16.8	27	94	13.535	0.523437493
2015-03-22	1.9	15.1	36	85	12.475	0.749276597
2015-03-23	-0.4	14	39	87	5.610	0.486400431
2015-03-24	-1.2	17.2	29	97	12.095	0.705873882
2015-03-25	2.3	15.3	49	95	3.012	0.287326368
2015-03-26	7.5	18.9	54	98	14.413	0.299768521
2015-03-27	7.6	10.3	54	99	13.146	0.646412069
2015-03-28	2.3	13.4	29	77	7.859	0.956452535
2015-03-29	-0.6	16.8	32	95	13.647	0.618344931
2015-03-30	4.8	17.1	35	92	16.186	0.446180542
2015-03-31	0.7	18.3	42	89	11.312	1.236545146
2015-04-01	2.5	12.3	19	74	16.584	1.766493035
2015-04-02	-1.5	15.2	21	83	7.967	1.163773118
2015-04-03	-1.6	12.5	17	85	13.314	0.87051509
2015-04-04	-1.1	8.9	34	86	12.661	0.57002316
2015-04-05	2.2	9.4	30	88	11.619	1.248553222
2015-04-06	-2	8.9	28	80	6.022	1.111834458
2015-04-07	2.3	9.7	30	67	18.009	1.82725691
2015-04-08	4.4	11.8	35	79	18.584	0.61501734
2015-04-09	1.3	15.4	41	95	16.753	0.446035854
2015-04-10	0.3	20.2	30	97	16.907	0.542968743
2015-04-11	2.9	22.6	29	94	18.276	0.586371549
2015-04-12	8.5	22.2	26	93	17.505	0.435040493
2015-04-13	4.7	24.9	18	95	19.256	0.707754625
2015-04-14	6.7	19	32	84	18.082	0.610387736
2015-04-15	4.4	25	18	95	6.656	0.650897
2015-04-16	5	26.3	19	96	7.917	0.685040514
2015-04-17	8.7	19.5	35	94	18.683	0.507667854
2015-04-18	5.1	12.3	38	95	20.594	0.442418965
2015-04-19	-1	14.8	29	96	19.713	0.451533556
2015-04-20	0.5	19.7	22	94	20.537	0.862413181
2015-04-21	4.5	21.9	15	85	19.238	0.844907396
2015-04-22	4.6	23.5	20	82	15.450	0.617476861
2015-04-23	4.3	23	23	92	20.600	0.582899326
2015-04-24	8.1	20	35	90	17.629	0.602285924
2015-04-25	4.2	22.4	34	98	18.674	0.722366882
2015-04-26	10.8	23.7	32	80	4.177	0.506076424
2015-04-27	11.8	22.7	35	80	19.825	1.196759278
2015-04-28	9.7	14.7	54	94	14.413	0.25173609
2015-04-29	5.6	17.8	30	91	9.270	0.320167806
2015-04-30	2.2	18.2	36	97	14.110	0.402343715
2015-05-01	3.6	17.1	51	99	9.278	0.883535875
2015-05-02	11.3	21.4	46	95	18.142	0.242042799
2015-05-03	10.8	19.4	63	97	15.021	0.178530083
2015-05-04	10.4	24.5	51	99	19.569	0.257233799
2015-05-05	12.5	26.8	38	94	23.202	0.401909729
2015-05-06	13.4	28.5	39	90	22.381	0.501446764
2015-05-07	11.2	24.5	26	91	14.787	0.417679403
2015-05-08	9.2	25	29	95	18.231	0.439525444
2015-05-09	8.7	24.5	41	97	23.737	0.429542826
2015-05-10	11.7	23.4	24	95	21.693	0.583622639
2015-05-11	8.2	22.8	24	83	20.058	0.349681736
2015-05-12	5	24.5	28	96	15.705	0.392505806
2015-05-13	9.1	28	37	97	2.377	0.481192139
2015-05-14	13.5	24.9	39	98	12.516	0.292968757
2015-05-15	12.3	14	84	97	13.074	0.044994222
2015-05-16	11.7	20.2	61	98	21.401	0.124855306
2015-05-17	9.6	22.2	51	99	21.088	0.21209491
2015-05-18	10.4	23.7	43	98	16.959	0.263310194
2015-05-19	10.1	28.6	32	98	5.422	0.398292799
2015-05-20	11.4	26.6	38	97	2.060	0.428964104
2015-05-21	9.5	13.8	74	95	2.281	0.31640625
2015-05-22	10.6	13	62	96	13.245	1.084924771
2015-05-23	10.3	12.6	96	98	8.465	0.316840264
2015-05-24	8	20.1	57	99	10.890	0.205584521
2015-05-25	10.3	17.5	58	96	12.558	0.159577535
2015-05-26	13.4	18.9	55	91	22.883	0.482494188
2015-05-27	10.6	16.9	33	83	22.467	0.824074104
2015-05-28	7.3	19.3	38	92	19.315	0.320167799
2015-05-29	5.4	24.4	31	97	16.428	0.3203125
2015-05-30	8.7	25.9	34	97	21.537	0.42578125
2015-05-31	13.1	22.4	50	97	23.852	0.232928257
2015-06-01	11.2	27.1	42	98	24.029	0.318431708
2015-06-02	13.2	29	30	98	23.797	0.250868056
2015-06-03	13.5	30.7	33	97	23.283	0.228732625
2015-06-04	16.4	29.8	34	96	24.441	0.342737243
2015-06-05	14.9	28.1	41	94	24.482	0.184317132
2015-06-06	12.9	30	35	97	24.354	0.205439799
2015-06-07	15.1	30.2	29	97	21.073	0.158130785
2015-06-08	13.4	29.8	30	97	24.150	0.250434049
2015-06-09	14.4	27.7	43	96	23.803	0.520833313
2015-06-10	13.4	28.6	37	95	24.368	0.38454859
2015-06-11	13.9	29.3	39	97	21.725	0.193287035
2015-06-12	15.5	30.6	31	97	17.564	0.607638868
2015-06-13	20.9	30.6	27	59	15.393	0.869068257
2015-06-14	15.2	31.5	24	87	7.293	0.46195025
2015-06-15	17.3	27.3	38	92	16.329	0.430555549
2015-06-16	15.4	20.4	54	96	19.084	0.418836806
2015-06-17	9.9	21	31	94	9.677	0.483506917
2015-06-18	8.1	24.2	32	94	14.750	0.400028931
2015-06-19	13.7	21.4	61	96	18.654	0.186342576
2015-06-20	9.9	21.1	40	98	23.704	0.299189826
2015-06-21	8.3	22.1	32	98	2.923	0.331886583
2015-06-22	9	25.2	37	97	21.294	0.625289382
2015-06-23	11.8	19.3	48	97	24.074	0.120370368
2015-06-24	10.7	22.1	38	98	22.242	0.294560181
2015-06-25	8.2	24.6	31	98	11.125	0.245370354
2015-06-26	13.1	26.2	29	92	15.777	0.342592563
2015-06-27	13.3	26.4	34	95	18.052	0.235098368
2015-06-28	13.3	25.6	36	96	21.992	0.514901632
2015-06-29	11.2	25.6	36	97	23.949	0.331886556
2015-06-30	12.9	28.5	33	97	23.683	0.170138875
2015-07-01	16	30	36	96	23.881	0.279513889
2015-07-02	16.3	31.6	31	97	23.264	0.200376153
2015-07-03	16.9	31.2	34	97	23.771	0.165798618
2015-07-04	15.9	31.4	28	96	19.104	0.164207174
2015-07-05	14.8	32.8	29	96	22.875	0.20486109
2015-07-06	16.1	36.2	27	97	7.655	0.126880792
2015-07-07	20.2	35.2	29	96	19.774	0.384837944
2015-07-08	17.5	33.4	36	97	24.831	0.360966389
2015-07-09	15.3	23.7	40	97	23.111	0.475983806
2015-07-10	12.7	25.9	33	98	22.110	0.414930569
2015-07-11	12.1	28.5	38	97	8.515	0.367332181
2015-07-12	16.7	31.4	26	97	20.042	0.312210632
2015-07-13	18.3	23.9	68	95	19.942	0.241608778
2015-07-14	17.2	29.5	41	97	18.683	0.162181736
2015-07-15	17.3	31.5	41	97	21.604	0.204282375
2015-07-16	19.1	31.7	44	95	21.651	0.184027757
2015-07-17	20.3	35.1	36	97	21.799	0.249421257
2015-07-18	20.8	33.2	37	93	20.726	0.454861104
2015-07-19	19.4	34.3	36	97	17.436	0.552372694
2015-07-20	19.5	32.6	33	92	22.217	0.27199075
2015-07-21	19.4	33.8	37	96	14.124	0.192852986
2015-07-22	20.1	35.6	31	96	18.414	0.234848497
2015-07-23	19.5	36.1	30	96	16.640	0.387152799
2015-07-24	20.7	32.7	42	88	7.338	0.341724556
2015-07-25	17.4	30.6	49	95	7.298	0.357638903
2015-07-26	14.4	20.9	68	97	9.985	0.114872681
2015-07-27	14.3	20.6	75	97	4.748	0.280381931
2015-07-28	15.6	23.9	55	97	7.489	0.180555528
2015-07-29	15.5	20	69	96	21.799	0.270399313
2015-07-30	15	18.9	64	97	20.729	0.119502299
2015-07-31	12.2	25.6	26	93	18.612	0.362702563
2015-08-01	9.4	26.5	39	98	19.780	0.203414326
2015-08-02	17	27.8	48	96	20.546	0.426793972
2015-08-03	17.6	29.6	44	94	20.843	0.307146979
2015-08-04	17.7	31.3	43	97	20.412	0.298321736
2015-08-05	18.9	32.9	32	97	19.788	0.174334472
2015-08-06	17.5	33.6	33	97	19.744	0.198061333
2015-08-07	18.7	34.7	30	97	19.886	0.251302056
2015-08-08	18.6	35	25	96	19.214	0.224392347
2015-08-09	17	34.8	24	96	19.863	0.219618056
2015-08-10	15	34.1	22	97	19.331	0.373987292
2015-08-11	15	34.8	17	96	18.940	0.475405104
2015-08-12	17	35.9	16	82	18.231	0.529369188
2015-08-13	17.8	36.2	17	88	15.710	0.448640063
2015-08-14	16.7	35.6	29	96	16.697	0.194444417
2015-08-15	17.7	34.1	28	96	2.761	0.450086792
2015-08-16	16.8	30.3	38	96	16.109	0.473090278
2015-08-17	17.5	19.4	87	97	10.856	0.426070576
2015-08-18	17	28.5	34	97	5.219	0.285734979
2015-08-19	16.2	24.2	54	94	7.037	0.112702569
2015-08-20	15.9	20.6	58	94	10.935	0.395543986
2015-08-21	13.7	21.8	50	94	14.898	0.171296306
2015-08-22	12.2	24.5	38	98	12.764	0.300347222
2015-08-23	11.9	24.5	51	97	4.134	0.214409715
2015-08-24	12.7	26.4	34	98	16.446	0.569589111
2015-08-25	16.1	23.1	54	93	16.124	0.368055528
2015-08-26	12.7	27	29	95	16.640	0.324942111
2015-08-27	11.7	29.3	45	98	15.297	0.224537042
2015-08-28	13.3	32.8	34	98	15.524	0.204861097
2015-08-29	15.8	35	22	98	16.219	0.213396986
2015-08-30	14.6	33.7	34	98	15.146	0.198784701
2015-08-31	16.2	32.3	25	98	8.249	0.424623833
2015-09-01	15.2	33.3	20	93	11.775	0.38541666
2015-09-02	14.9	28.1	40	92	6.486	0.155815979
2015-09-03	14.2	25.7	43	95	3.154	0.237557854
2015-09-04	15.9	22.9	47	95	11.873	0.122540535
2015-09-05	12.1	16.1	88	97	12.668	0.221788188
2015-09-06	8.1	21.2	34	96	15.165	0.259259243
2015-09-07	5.3	20.9	23	98	10.753	0.392216424
2015-09-08	9.8	21.8	33	95	7.709	0.335358826
2015-09-09	7.3	20.7	34	98	11.478	0.291377299
2015-09-10	6.8	19.9	41	97	14.283	0.203269674
2015-09-11	9.8	21.5	48	97	11.719	0.173900465
2015-09-12	8.3	24.4	42	99	11.461	0.282118056
2015-09-13	9.5	24.9	39	98	5.689	0.293113424
2015-09-14	14.2	26.7	38	92	8.868	0.464265063
2015-09-15	15.6	25.5	55	98	11.605	0.355034729
2015-09-16	16.5	27	54	83	11.836	0.780381924
2015-09-17	20.6	30.5	40	76	7.135	0.649160889
2015-09-18	15.6	28.3	34	83	11.184	0.197772
2015-09-19	12.9	22.7	47	94	11.840	0.267071736
2015-09-20	10.3	22.4	36	96	11.520	0.59881366
2015-09-21	6.4	22.4	26	97	7.721	0.364438674
2015-09-22	4.4	22.5	32	98	3.312	0.233072917
2015-09-23	7.4	25.1	41	97	1.108	0.369646986
2015-09-24	10.7	15.3	72	89	5.546	0.550347236
2015-09-25	11.9	13.5	77	97	5.555	0.271846063
2015-09-26	12.2	18.3	48	96	5.820	0.330150458
2015-09-27	11.3	17.3	45	73	8.134	0.600115729
2015-09-28	7.2	17.4	39	83	6.546	0.647858778
2015-09-29	8.1	17	39	72	9.324	0.531394701
2015-09-30	7.7	15.9	41	85	10.808	0.293692153
2015-10-01	7.8	17.3	40	94	9.344	0.265769694
2015-10-02	6.8	19.6	42	96	6.620	0.306423639
2015-10-03	5.7	20.2	59	98	10.164	0.282986097
2015-10-04	14.1	22.3	48	88	7.588	0.892216431
2015-10-05	9.9	23	46	96	1.980	0.325810167
2015-10-06	8	19.7	69	98	3.973	0.199363403
2015-10-07	13.9	15.5	96	98	4.703	0.130931688
2015-10-08	13.2	16.5	86	98	2.030	0.162326389
2015-10-09	12.6	16.1	82	98	1.251	0.048900472
2015-10-10	10.5	13.5	83	98	5.459	0.338252333
2015-10-11	6	10.7	80	97	1.300	0.816840306
2015-10-12	1.7	9.2	69	97	1.402	0.142505785
2015-10-13	5.9	8.8	85	98	0.763	0.066984951
2015-10-14	8.2	10.2	97	99	4.398	0.312500028
2015-10-15	8.4	11.5	98	99	4.777	0.310908535
2015-10-16	9.1	16.7	71	100	4.611	0.082899306
2015-10-17	4.6	12.3	70	97	1.089	0.10546875
2015-10-18	5.5	13.9	76	98	5.245	0.18113425
2015-10-19	7.2	10.4	90	96	8.364	0.213975674
2015-10-20	3.6	13.4	55	97	5.240	0.142939813
2015-10-21	2.6	16	44	98	6.698	0.193865736
2015-10-22	3.4	13.9	49	97	8.943	0.165509271
2015-10-23	1.9	16.3	52	97	6.701	0.148437507
2015-10-24	2.1	17.1	53	99	7.805	0.164062507
2015-10-25	3.2	15.8	60	99	4.301	0.066406229
2015-10-26	4.7	17.5	54	99	2.465	0.141637736
2015-10-27	6	14.2	71	98	1.963	0.066695583
2015-10-28	5.1	13.4	74	99	6.656	0.125723361
2015-10-29	7.5	11.2	90	98	6.995	0.047743056
2015-10-30	3.5	17.4	45	99	7.770	0.108651618
2015-10-31	2.7	15.6	53	99	7.230	0.129050931
2015-11-01	-0.9	13.9	38	99	6.236	0.115451403
2015-11-02	-3.4	13.9	46	99	6.172	0.129195556
2015-11-03	-1.8	12.8	66	99	5.916	0.080005785
2015-11-04	-1	14	54	99	6.166	0.144531264
2015-11-05	-0.4	15.8	52	99	5.330	0.097222236
2015-11-06	0	18.3	45	99	6.284	0.097077542
2015-11-07	2.3	20.7	45	99	4.110	0.080873847
2015-11-08	5.1	24.6	35	99	4.464	0.075520826
2015-11-09	3.9	22.1	48	99	5.817	0.182870368
2015-11-10	9.4	23.2	34	97	5.741	0.070312472
2015-11-11	7.2	24.5	32	98	5.748	0.117187486
2015-11-12	4.1	21.4	45	98	4.050	0.09635416
2015-11-13	1.9	17.1	55	98	3.192	0.086516208
2015-11-14	3.2	13.6	67	99	5.636	0.115306715
2015-11-15	4.8	14.7	58	98	2.392	0.078848368
2015-11-16	5	22.3	42	97	5.278	0.069589104
2015-11-17	1.7	13.6	56	99	4.936	0.106770833
2015-11-18	3.1	20.4	39	97	3.180	0.204861097
2015-11-19	-0.3	18.3	38	99	0.656	0.103443292
2015-11-20	3.7	14.8	58	98	3.026	0.240162007
2015-11-21	3.7	15.7	63	95	4.127	0.21440975
2015-11-22	1.1	8.1	46	97	3.584	0.112991882
2015-11-23	-1.6	5.6	72	99	0.933	0.139322938
2015-11-24	-0.5	3.6	59	97	1.876	0.129629625
2015-11-25	-2.6	1.6	71	97	1.986	0.089409701
2015-11-26	-1.5	3	80	96	4.607	0.233072896
2015-11-27	-1.1	5.2	61	97	3.705	0.462384257
2015-11-28	0.1	7.9	59	95	3.906	0.21600116
2015-11-29	-2	10.6	37	98	3.207	0.27647566
2015-11-30	-1.9	12.3	43	97	4.281	0.410590319
2015-12-01	0	14.4	55	96	2.187	0.298755778
2015-12-02	1.5	13	64	97	4.970	0.241319424
2015-12-03	1	9.9	90	99	3.925	0.240885417
2015-12-04	0	10.4	65	98	1.211	0.195457181
2015-12-05	-0.1	5.4	97	100	3.596	0.404658556
2015-12-06	1.4	3.7	98	100	0.764	0.274739563
2015-12-07	-0.5	6.2	89	100	1.050	0.353443292
2015-12-08	0	2.1	98	100	4.041	0.227575201
2015-12-09	0.6	3.4	96	100	3.924	0.277922451
2015-12-10	-2.2	9.7	45	98	1.092	0.606770806
2015-12-11	-6.1	6.8	70	99	1.464	0.217013882
2015-12-12	-3.8	-0.1	97	100	2.137	0.068142361
2015-12-13	-4.2	-0.7	100	100	2.037	0.160445597
2015-12-14	-5	5.7	94	100	2.970	0.196325222
2015-12-15	-0.9	4.6	87	98	1.397	0.090856486
2015-12-16	0.3	7.4	85	99	1.545	0.212094903
2015-12-17	-0.6	4.3	91	98	3.816	0.328848396
2015-12-18	0.3	2.7	97	99	0.793	0.301215278
2015-12-19	-0.2	11	66	100	1.210	0.293113424
2015-12-20	-0.5	2.1	97	100	3.959	0.223524299
2015-12-21	0.1	2.2	100	100	3.805	0.358072931
2015-12-22	-1.6	9.1	85	100	3.808	0.270543979
2015-12-23	-2.4	10.7	59	100	3.667	0.145833326
2015-12-24	-1.6	9.7	69	99	3.723	0.173321729
2015-12-25	-2.9	10.1	69	100	3.827	0.125868049
2015-12-26	-3.4	10.8	62	100	3.753	0.235966431
2015-12-27	-4.6	9	66	99	0.904	0.084924757
2015-12-28	-4.8	11.1	54	99	0.408	0.271556694
2015-12-29	-1.9	2.9	93	98	3.803	0.133825222
2015-12-30	-6.2	2.2	55	98	2.200	0.071180563
2015-12-31	-9.5	1.2	64	97	0.536	0.196903938
2016-01-01	-6.8	0.4	75	97	0.605	0.092592576
2016-01-02	-8.3	-1.1	95	98	0.421	0.298755799
2016-01-03	-6.4	-4.2	82	97	0.489	0.329861118
2016-01-04	-10.6	-6.1	82	92	0.322	0.717592625
2016-01-05	-9.3	-3.7	91	96	3.618	0.330729174
2016-01-06	-4.3	-0.9	94	97	2.116	0.272280111
2016-01-07	-7.2	3.6	72	99	1.891	0.26200809
2016-01-08	-4.7	1.1	96	99	2.160	0.231047458
2016-01-09	0	2.6	97	99	2.100	0.181857618
2016-01-10	-0.9	2.4	99	100	3.629	0.100549771
2016-01-11	-1.5	15.4	55	100	3.959	0.603877292
2016-01-12	-1	11.3	59	96	2.808	0.416811326
2016-01-13	-1.4	10.4	41	98	1.909	0.213396972
2016-01-14	-2.7	6.3	54	96	3.461	0.215277778
2016-01-15	-2.6	4.9	64	95	4.154	0.287760444
2016-01-16	-4.7	4	47	98	4.797	0.515190965
2016-01-17	-5.6	2.8	50	88	3.622	0.298032396
2016-01-18	-8	2.1	44	92	4.701	0.135850674
2016-01-19	-10.5	0.1	52	94	4.011	0.086660868
2016-01-20	-8.7	2.1	52	95	5.374	0.184895813
2016-01-21	-7.9	4.1	50	96	1.233	0.217447882
2016-01-22	-8	1.8	50	92	3.051	0.139033563
2016-01-23	-10.4	-2.3	86	94	3.234	0.111545125
2016-01-24	-8.8	5.9	61	96	4.438	0.247974479
2016-01-25	-1.5	6.5	72	96	4.927	0.156394674
2016-01-26	-2	12.9	52	99	5.589	0.362268528
2016-01-27	-2.5	14.4	48	99	5.756	0.380352993
2016-01-28	-2	16.6	41	98	4.306	0.282407403
2016-01-29	-0.2	14	50	97	3.085	0.242910896
2016-01-30	-2.1	13.1	56	99	4.736	0.280960583
2016-01-31	4.6	11.7	56	90	3.391	0.564814819
2016-02-01	2.8	16.8	52	98	1.562	0.264901625
2016-02-02	4.8	12.1	61	95	4.493	0.230758083
2016-02-03	2.1	12.1	60	96	6.153	0.273148146
2016-02-04	-1.2	9.9	32	97	6.644	0.223379639
2016-02-05	-2	9.9	38	93	3.424	0.327980326
2016-02-06	-3	13	38	97	2.923	0.264178257
2016-02-07	7.6	11.8	53	65	4.984	1.286747708
2016-02-08	4.5	14.3	49	83	1.357	1.024450194
2016-02-09	9.6	14.6	50	71	7.919	1.413194431
2016-02-10	0.2	10.9	64	97	2.519	0.316550903
2016-02-11	-2.2	12.1	30	98	7.562	0.251157396
2016-02-12	-3	4.3	86	98	2.470	0.293113417
2016-02-13	0.9	10.3	60	98	1.255	0.49768516
2016-02-14	0.5	8.2	66	96	1.718	0.404513875
2016-02-15	3.2	6.5	95	98	1.806	0.271556701
2016-02-16	3.2	6.3	72	96	1.278	0.359230347
2016-02-17	1.5	4.2	90	98	2.568	0.315972229
2016-02-18	2.7	5.3	91	98	8.149	0.279369201
2016-02-19	2.7	6	88	98	5.827	0.142939806
2016-02-20	1.3	8.4	59	99	8.163	0.650462972
2016-02-21	4.2	13.5	41	82	2.920	0.355034694
2016-02-22	8.3	16	43	66	7.391	0.388165514
2016-02-23	7.7	14.6	58	80	6.935	0.530960625
2016-02-24	0.5	10.9	30	88	5.894	0.589554396
2016-02-25	-1	10.4	54	91	8.527	0.709490757
2016-02-26	1.3	6.3	48	84	3.787	0.362123854
2016-02-27	-3.5	7.8	51	95	1.930	0.41276041
2016-02-28	0.2	7.5	74	96	7.526	0.199652792
2016-02-29	3.5	8.1	89	97	9.827	0.219473368
2016-03-01	1.9	11.3	39	98	1.448	0.367621542
2016-03-02	1.3	12.8	43	96	7.625	0.496093736
2016-03-03	1.2	6	77	96	6.276	0.443721069
2016-03-04	1.1	11.8	35	97	8.086	0.396846083
2016-03-05	3.5	12.5	40	73	1.868	0.800491882
2016-03-06	5	14.2	38	87	6.972	0.794704896
2016-03-07	1.1	5.7	69	96	8.368	0.279513903
2016-03-08	0.7	7.6	62	97	11.476	0.249999986
2016-03-09	0.2	9.6	46	90	3.246	0.348958333
2016-03-10	0.8	14	36	92	2.872	0.860532389
2016-03-11	5.9	8.5	59	90	2.407	0.36877891
2016-03-12	5.2	10.1	62	80	13.315	0.774739576
2016-03-13	4.2	8.1	63	84	3.603	1.446180528
2016-03-14	-0.5	10.6	30	79	2.952	0.934751188
2016-03-15	-2.5	4.4	62	91	13.503	0.512152764
2016-03-16	1	5.5	75	96	14.274	0.391203694
2016-03-17	-0.3	13.1	34	93	11.650	0.414207167
2016-03-18	-2.3	15.9	33	97	14.257	0.395254597
2016-03-19	0.1	15	34	96	13.122	0.576533556
2016-03-20	-1.1	16.6	38	97	8.542	0.472945611
2016-03-21	2.6	11.4	50	86	6.228	0.478587986
2016-03-22	4.9	13	40	94	11.305	0.401041681
2016-03-23	3.5	9.2	39	82	9.344	0.821035868
2016-03-24	1.4	11.2	34	78	8.063	1.116464104
2016-03-25	0.7	12.7	30	87	13.614	0.481047444
2016-03-26	4.7	12.1	54	87	14.226	0.264178222
2016-03-27	0.2	15.3	39	96	13.718	0.409143528
2016-03-28	2.6	15.9	48	94	12.400	0.722366882
2016-03-29	3.2	19	36	96	15.888	0.536169
2016-03-30	3.5	18.3	43	98	8.443	0.728153944
2016-03-31	4.7	20.5	36	97	13.328	1.283854188
2016-04-01	9.2	21.4	40	67	14.890	0.675781236
2016-04-02	5.2	15.5	44	87	16.946	0.345196785
2016-04-03	1.9	23.3	27	96	14.790	0.318576382
2016-04-04	13.6	23.1	30	50	15.774	1.024305514
2016-04-05	15.8	24.6	27	52	15.564	1.064091479
2016-04-06	8.5	24.1	33	81	2.283	0.618489556
2016-04-07	6.8	23.1	36	92	8.313	0.455584486
2016-04-08	8.8	12.5	66	92	13.699	0.166666646
2016-04-09	8.4	12.9	68	96	18.185	0.356770806
2016-04-10	7.8	17.6	44	89	17.222	0.422453729
2016-04-11	4.8	19.4	47	93	14.513	0.412615743
2016-04-12	4.8	23.7	25	97	7.542	0.465277771
2016-04-13	6.1	22.9	30	97	17.002	1.005353007
2016-04-14	4.7	16.5	35	89	18.564	0.520254632
2016-04-15	1.8	21.2	30	97	15.546	0.849681688
2016-04-16	13.3	22.5	23	59	6.348	1.857638903
2016-04-17	13.6	23.2	32	69	12.353	1.868055542
2016-04-18	9.9	15.6	54	84	17.404	0.509259243
2016-04-19	5.6	17.5	27	81	19.301	0.694155076
2016-04-20	4.1	18.1	25	89	18.471	0.346209472
2016-04-21	0.8	20.6	29	96	12.714	0.414930569
2016-04-22	2.7	23.4	26	96	9.548	0.331741868
2016-04-23	5	20.8	37	96	14.544	0.513310194
2016-04-24	4.7	11.8	32	92	14.923	0.770254618
2016-04-25	0.2	12	22	88	1.352	0.785445625
2016-04-26	-2.8	15.9	27	93	5.883	1.007667813
2016-04-27	0.4	10.9	62	98	19.798	0.442129639
2016-04-28	-0.8	6.6	77	98	21.750	0.525462979
2016-04-29	1.6	16.8	30	90	2.545	0.439091424
2016-04-30	0.2	18.6	35	97	3.981	0.424045167
2016-05-01	5.4	12.8	87	97	11.636	0.360387708
2016-05-02	10.5	13.6	84	97	7.668	0.633969882
2016-05-03	9.9	19.1	47	92	19.311	0.492476847
2016-05-04	9.2	16.3	43	92	19.444	0.839409722
2016-05-05	8.3	20.4	43	91	19.803	0.417534681
2016-05-06	8.4	22.9	34	94	21.171	0.425636576
2016-05-07	6.2	24.1	25	98	17.833	0.358072944
2016-05-08	6.2	22.2	36	98	5.501	0.343171285
2016-05-09	9.5	23.1	34	97	5.285	0.39858216
2016-05-10	7.9	16.9	63	97	2.825	0.20457175
2016-05-11	12.5	18.6	66	98	15.160	0.081741896
2016-05-12	12	15.8	92	98	10.168	0.038339125
2016-05-13	11.6	20.2	44	98	11.359	0.694589097
2016-05-14	12.1	19.2	61	92	17.770	0.300925917
2016-05-15	5.2	15	43	94	18.534	0.391493028
2016-05-16	3.6	16.8	26	98	22.445	0.481192111
2016-05-17	5.2	17.2	40	98	20.324	0.401765035
2016-05-18	6	21	35	96	14.121	0.359085653
2016-05-19	5.5	21.3	37	95	23.153	0.483940944
2016-05-20	10.3	20.7	48	92	23.895	0.515625007
2016-05-21	8.2	25.7	29	92	18.081	0.442418958
2016-05-22	8.9	25.9	31	97	7.090	0.379050938
2016-05-23	9.5	25.6	31	98	21.338	0.727141222
2016-05-24	11.1	17.4	64	98	24.435	0.615306715
2016-05-25	13.9	25.6	41	84	21.825	0.533709507
2016-05-26	13.8	26.3	34	96	23.007	0.341290507
2016-05-27	12.5	27.2	33	97	21.907	0.342303257
2016-05-28	15.2	28.7	34	95	16.027	0.364004639
2016-05-29	17.2	28.3	37	76	18.345	0.624276625
2016-05-30	13.8	24.1	43	82	14.544	0.889467618
2016-05-31	15	24	34	69	21.272	0.505353
2016-06-01	12.7	23.7	35	96	17.396	0.588975694
2016-06-02	12.1	24.1	44	98	18.318	0.453993083
2016-06-03	12.2	25	45	97	14.613	0.288339111
2016-06-04	12	27.8	36	97	21.681	0.430700194
2016-06-05	12.5	24.9	48	98	22.601	0.482638875
2016-06-06	14.5	27.4	32	94	21.901	0.540075243
2016-06-07	13.1	25.6	35	96	8.425	0.377170132
2016-06-08	11.2	26.1	39	97	19.491	0.463397014
2016-06-09	15.4	20.9	55	92	16.165	0.270833306
2016-06-10	14	23.5	50	96	11.905	0.355902771
2016-06-11	11.7	25.2	48	98	18.927	0.39091434
2016-06-12	15.1	21.9	58	96	17.058	0.295862257
2016-06-13	14.1	24.7	46	97	15.491	0.417245354
2016-06-14	12.6	25.1	38	97	20.377	0.352430556
2016-06-15	15	23.7	49	96	23.809	0.312789361
2016-06-16	15.9	27.9	42	91	19.757	0.372829889
2016-06-17	15.8	26.2	27	96	4.314	1.29065391
2016-06-18	11.5	27.4	30	94	12.442	0.500723382
2016-06-19	13.6	18	75	93	24.408	0.696903938
2016-06-20	14.1	23.5	52	97	24.790	0.47135416
2016-06-21	11.8	28.7	34	98	23.580	0.306568319
2016-06-22	14.6	29.7	39	97	23.293	0.314380778
2016-06-23	16.4	31.7	40	96	17.561	0.28399884
2016-06-24	18.3	33.7	40	97	15.278	0.240885403
2016-06-25	18.9	32.8	42	96	7.522	0.372251139
2016-06-26	17.9	27.3	50	96	22.671	0.394531243
2016-06-27	14.5	22.2	64	94	24.066	0.377170132
2016-06-28	13.5	27.7	30	92	23.406	0.458333326
2016-06-29	12.6	30.3	34	97	23.200	0.272135417
2016-06-30	14.9	29.9	37	97	22.705	0.314959507
2016-07-01	17.2	30.3	37	90	6.857	0.332031257
2016-07-02	16.8	30.8	42	96	24.396	0.540653924
2016-07-03	13.9	20.7	52	89	20.499	0.300925903
2016-07-04	11.7	26.8	33	96	19.031	0.340133104
2016-07-05	12.2	28.5	33	97	23.805	0.382089083
2016-07-06	16.3	27.9	39	92	21.004	0.370515035
2016-07-07	13	26.2	36	97	16.382	0.270688653
2016-07-08	12.7	28.7	41	97	22.195	0.316406222
2016-07-09	16.5	29.5	41	95	22.057	0.301793979
2016-07-10	16.6	31.6	36	97	21.099	0.295283604
2016-07-11	16.2	33	32	97	9.182	0.209056701
2016-07-12	17.9	33.4	39	95	15.888	0.337962965
2016-07-13	18.3	27.5	48	94	12.273	0.358796285
2016-07-14	13.6	23.9	31	96	3.868	1.082031271
2016-07-15	11.9	20.8	39	92	12.664	0.549623861
2016-07-16	13.7	17.3	51	89	18.193	0.869646938
2016-07-17	13.5	23.8	44	91	22.096	0.357494208
2016-07-18	15.3	29	36	91	22.098	0.452690979
2016-07-19	15.7	30.1	34	92	19.217	0.30946184
2016-07-20	15.4	30.8	36	97	22.091	0.266348382
2016-07-21	15.7	31.3	40	96	20.703	0.23321759
2016-07-22	18.5	30.7	44	94	18.312	0.235821729
2016-07-23	18.3	31.6	43	93	11.333	0.309751146
2016-07-24	19.4	31.3	47	97	19.453	0.293692139
2016-07-25	19.1	27.7	52	92	16.610	0.28833909
2016-07-26	17.4	28.7	49	96	14.002	0.417390028
2016-07-27	17.1	30.9	43	97	23.029	0.370804424
2016-07-28	18.3	27.1	52	96	20.639	0.401331028
2016-07-29	16.8	29.7	36	97	20.073	0.314380826
2016-07-30	17.1	31.5	36	97	7.930	0.434895833
2016-07-31	18.7	31.8	39	93	20.053	0.51490159
2016-08-01	16.4	24.8	52	97	21.053	0.23162616
2016-08-02	14.2	27.2	28	97	20.973	0.466869201
2016-08-03	15.4	28.6	37	94	15.329	0.253038194
2016-08-04	14.6	30.9	34	97	17.192	0.247395785
2016-08-05	16.1	32.4	31	97	18.226	0.507523118
2016-08-06	15.5	25.7	37	94	20.694	0.531250007
2016-08-07	14.1	27.1	30	90	18.049	0.403790535
2016-08-08	12.1	29.2	30	96	2.782	0.398871542
2016-08-09	13.1	15.2	90	94	12.366	0.436921257
2016-08-10	11.9	16.7	81	94	14.364	0.373553229
2016-08-11	9.7	20.3	45	98	19.771	0.264033556
2016-08-12	8.7	22.6	33	96	19.079	0.375868035
2016-08-13	14	26.5	41	94	10.448	0.277488417
2016-08-14	12.1	29.6	32	98	18.827	0.294126174
2016-08-15	15.5	29.3	43	97	13.278	0.317418938
2016-08-16	13.9	27	47	99	12.590	0.426504632
2016-08-17	15.5	24.4	43	96	13.329	0.218460618
2016-08-18	13.4	24.3	59	97	16.724	0.235532396
2016-08-19	14.7	23.6	66	94	5.896	0.34519675
2016-08-20	14.2	28.9	52	98	16.422	0.232494208
2016-08-21	14.6	22.3	78	97	15.725	0.319444458
2016-08-22	14	22.9	36	95	15.193	0.91811341
2016-08-23	12.3	26.2	33	88	16.642	0.51721641
2016-08-24	13.9	27	39	93	16.284	0.494936389
2016-08-25	13.2	28.1	35	97	15.825	0.318431708
2016-08-26	12.6	28.4	34	98	16.292	0.265914319
2016-08-27	11.9	29.4	38	98	10.363	0.265914347
2016-08-28	14	30.7	34	98	13.215	0.153067139
2016-08-29	14	30.7	45	98	15.296	0.376012694
2016-08-30	16.2	27.4	37	90	15.046	0.375723389
2016-08-31	12.4	27.1	34	95	13.193	0.209201361
2016-09-01	10.6	29.1	34	98	14.241	0.273148111
2016-09-02	15.6	29.7	34	95	12.858	0.369646965
2016-09-03	13.4	30.1	31	98	10.886	0.355902792
2016-09-04	14.3	30.2	36	96	2.831	0.435474556
2016-09-05	14.4	23.3	53	96	10.633	0.383101854
2016-09-06	13.2	16.7	82	93	12.821	0.296585646
2016-09-07	13.9	26.3	52	92	11.758	0.438368063
2016-09-08	15	28.7	39	97	11.269	0.323929382
2016-09-09	15.6	30	33	94	13.069	0.289496514
2016-09-10	14.8	29.3	34	94	11.252	0.319733792
2016-09-11	15.2	29.9	36	97	12.816	0.285300917
2016-09-12	15.6	30.9	32	93	11.467	0.282552063
2016-09-13	14.4	30.6	34	98	11.093	0.325810181
2016-09-14	14.1	28.8	41	98	8.819	0.167679375
2016-09-15	13.1	28.5	43	98	10.068	0.257667819
2016-09-16	17.3	27.8	40	89	8.506	0.650318285
2016-09-17	15.3	23.8	51	96	7.025	0.397280076
2016-09-18	12.5	22.3	58	97	9.980	0.225983799
2016-09-19	15.4	23.3	44	94	9.498	0.4247685
2016-09-20	10.4	21.2	36	79	9.422	0.33072916
2016-09-21	6.2	19.7	38	93	10.990	0.327256938
2016-09-22	6.8	20.5	33	95	11.646	0.297743063
2016-09-23	3.9	22.8	34	98	11.410	0.281684021
2016-09-24	7.2	23.9	32	98	10.552	0.278067111
2016-09-25	6.1	24.6	33	98	10.287	0.263599535
2016-09-26	7.5	22.5	42	96	10.040	0.219184042
2016-09-27	9.7	23	36	96	10.865	0.179687472
2016-09-28	5.9	23.8	33	98	10.295	0.298900458
2016-09-29	7.2	26.4	38	98	9.799	0.283854167
2016-09-30	8.9	26.5	34	98	2.290	0.186487278
2016-10-01	7.2	25.5	35	98	6.924	0.44401041
2016-10-02	10.6	17.4	57	95	3.741	0.159288194
2016-10-03	7.6	18.4	50	96	9.718	0.380787014
2016-10-04	5.2	14.5	57	97	5.596	0.44212966
2016-10-05	2.5	14.1	27	87	2.015	0.784722215
2016-10-06	0	15.6	34	95	9.173	0.128472215
2016-10-07	2.2	10.1	68	93	8.046	0.038049757
2016-10-08	1.5	14.8	49	98	3.516	0.268518514
2016-10-09	3.3	15.3	44	96	3.292	0.26461225
2016-10-10	1.6	10.2	80	96	7.688	0.348813639
2016-10-11	1.7	9.1	78	95	7.633	0.41290509
2016-10-12	1.7	13.7	50	95	4.788	0.378616917
2016-10-13	-1.1	14.5	53	98	2.823	0.17693866
2016-10-14	6	15.8	58	94	8.348	0.156973368
2016-10-15	7.6	11.8	81	96	6.291	0.182436361
2016-10-16	8.7	19.9	57	98	1.126	0.236400472
2016-10-17	10.1	18.6	64	98	2.036	0.211082188
2016-10-18	7.5	11.6	87	95	1.965	0.122395847
2016-10-19	7.8	12.1	80	97	3.094	0.047598389
2016-10-20	6.8	9.4	93	96	8.789	0.269675917
2016-10-21	3.3	10.2	82	97	6.491	0.22800925
2016-10-22	0.3	13.8	56	99	4.463	0.282118028
2016-10-23	1.1	16.8	53	99	5.863	0.459201368
2016-10-24	7.9	19.6	62	93	5.085	0.571903965
2016-10-25	14.1	24.2	45	94	3.742	0.612847194
2016-10-26	10.3	18.4	59	96	7.159	0.178240736
2016-10-27	5.8	12	66	93	7.280	0.106481479
2016-10-28	2.3	13.8	56	97	5.286	0.154803229
2016-10-29	3.4	18.1	48	97	7.472	0.210214097
2016-10-30	1.4	13.9	59	99	6.717	0.162181722
2016-10-31	-0.3	14.9	42	98	6.162	0.206018514
2016-11-01	-0.5	16.4	50	98	6.424	0.201388882
2016-11-02	0.9	19	40	98	5.866	0.231336792
2016-11-03	1.9	12.2	52	96	1.633	0.323929403
2016-11-04	-0.9	10.6	50	99	1.870	0.222656236
2016-11-05	-1.8	15.1	68	99	1.683	0.220052104
2016-11-06	3.7	17.8	63	92	0.912	0.712673597
2016-11-07	2.9	7.5	69	94	6.460	0.149450243
2016-11-08	1.3	5.4	83	95	5.680	0.192563667
2016-11-09	-0.9	7.7	55	99	2.382	0.41507525
2016-11-10	0.3	10.6	54	96	1.005	0.188802104
2016-11-11	-1.4	6.1	88	98	5.689	0.360532382
2016-11-12	-0.9	4.9	74	93	4.444	1.092303236
2016-11-13	-3.4	5.8	48	97	4.874	0.199074063
2016-11-14	-4.7	5.3	53	93	2.659	0.231047438
2016-11-15	-5.7	5.4	46	96	4.279	0.225260396
2016-11-16	-0.9	6.1	62	89	3.017	0.109664347
2016-11-17	1.7	10.2	69	95	2.460	0.183015028
2016-11-18	-0.4	14.7	65	100	4.103	0.941116903
2016-11-19	9.1	16	65	93	4.627	0.422887708
2016-11-20	7.6	16.9	65	91	4.525	0.392650472
2016-11-21	7.3	18.6	59	94	4.831	0.567129604
2016-11-22	5	18.9	55	99	3.153	0.687210632
2016-11-23	4.4	18.6	53	98	0.587	0.432146986
2016-11-24	3.5	18.2	61	99	1.154	0.295428229
2016-11-25	6.8	7.8	96	98	1.502	0.144097215
2016-11-26	5.2	8.3	91	98	4.565	0.092158556
2016-11-27	5.2	8.7	74	96	4.738	0.178819444
2016-11-28	-0.6	5.4	31	74	3.680	0.75318284
2016-11-29	-5.1	4.2	32	86	3.796	0.482204868
2016-11-30	-6.6	5.7	31	92	3.881	0.196035875
2016-12-01	-4.7	4.7	59	93	4.082	0.230468764
2016-12-02	-5.3	11.8	37	94	3.895	0.559461792
2016-12-03	-4	6.6	54	93	3.788	0.14076966
2016-12-04	-5.6	4.3	66	95	3.586	0.091001153
2016-12-05	-4.6	4	72	95	2.447	0.177806722
2016-12-06	-6	-1.5	93	98	1.220	0.300347222
2016-12-07	-3.8	-0.9	97	99	4.124	0.392795139
2016-12-08	-3.2	-0.5	96	100	3.593	0.2578125
2016-12-09	-3.8	5.8	76	100	3.954	0.231626167
2016-12-10	-5.6	8.4	64	98	3.895	0.123119201
2016-12-11	-4.6	11.3	51	97	3.680	0.210358806
2016-12-12	-1.8	13.3	33	96	3.422	0.712818299
2016-12-13	-3.1	4.1	44	88	1.467	0.357349569
2016-12-14	-3.8	5.9	56	92	1.187	0.126591424
2016-12-15	-1.1	4.2	73	90	3.685	0.154224521
2016-12-16	-3.6	2.5	72	92	1.706	0.04846641
2016-12-17	-6.6	4.5	82	96	0.626	0.074508104
2016-12-18	-5.6	-1.7	94	97	0.616	0.261863431
2016-12-19	-2.7	-0.5	95	97	0.639	0.102141201
2016-12-20	-4.4	-1	95	97	0.644	0.458188667
2016-12-21	-4.5	-3.3	93	97	0.848	0.308738431
2016-12-22	-4.2	-3.3	92	94	0.967	0.182581028
2016-12-23	-4	-1.9	91	95	1.593	0.204861111
2016-12-24	-2.9	-1.7	94	97	3.294	0.276186326
2016-12-25	-2.9	1.6	89	97	3.952	0.251736111
2016-12-26	-3.2	8.4	57	97	1.629	0.249131924
2016-12-27	-2.4	10	26	97	4.117	0.657841451
2016-12-28	0.4	4.7	54	89	4.093	0.662181708
2016-12-29	-5.6	4.7	38	88	4.163	0.611689799
2016-12-30	-7.9	4.5	46	93	4.123	0.246817111
2016-12-31	-9.2	5.7	41	93	4.092	0.257378472
2017-01-01	-9.5	5.5	51	93	3.966	0.225694403
2017-01-02	-9.9	2.6	59	93	1.922	0.112268507
2017-01-03	-6.3	5.3	48	93	3.342	0.246238438
2017-01-04	-5.9	2	51	94	4.150	0.259114611
2017-01-05	-7.7	2.3	44	93	4.780	0.827690965
2017-01-06	-8.4	-3.5	31	52	1.437	1.473234986
2017-01-07	-12.6	-2.7	28	76	4.291	0.259693313
2017-01-08	-12.6	-4.2	60	88	3.910	0.130208333
2017-01-09	-14.5	-1.1	62	89	4.699	0.235387708
2017-01-10	-15	-4.3	45	87	2.887	0.467158556
2017-01-11	-16.5	-2.4	45	87	0.216	0.270543986
2017-01-12	-10	5	54	88	0.916	0.277777764
2017-01-13	0	5.2	68	95	2.521	0.486545146
2017-01-14	-5.1	3.6	71	96	2.929	0.122685194
2017-01-15	-8.4	4.6	61	95	2.812	0.194299743
2017-01-16	-9.7	-0.3	69	93	2.147	0.26678241
2017-01-17	-2.8	0.4	60	74	5.061	1.182002313
2017-01-18	-3.2	-0.6	62	77	5.344	0.489438646
2017-01-19	-10.1	0.4	50	88	5.548	0.149016201
2017-01-20	-13.3	0.9	52	90	4.877	0.148871521
2017-01-21	-14.3	0.2	54	89	1.920	0.13671875
2017-01-22	-13.5	-1.1	68	92	1.326	0.174913222
2017-01-23	-13.5	-6.6	88	92	2.589	0.126591424
2017-01-24	-7.9	-5.2	85	92	1.696	0.260850743
2017-01-25	-6.2	-2.6	75	87	5.498	0.375723382
2017-01-26	-3.7	-0.8	75	88	1.605	0.161747667
2017-01-27	-11.1	0.5	63	91	1.585	0.288483806
2017-01-28	-11.1	-6.1	88	93	1.317	0.168836826
2017-01-29	-7.7	-6.1	90	93	2.038	0.158130764
2017-01-30	-8.2	-6.3	91	93	1.221	0.292534708
2017-01-31	-8.3	-4.1	87	93	3.148	0.104021972
2017-02-01	-4.4	-0.8	90	94	5.462	0.132812486
2017-02-02	-2.4	9.5	74	98	-0.011	0.531249986
2017-02-03	8.8	13.4	63	78	0.243	1.2162905
2017-02-04	0.8	10.4	61	88	3.999	0.524865484
2017-02-05	-0.1	11.6	55	98	1.153	0.757468657
2017-02-06	3.1	5.3	89	97	1.824	0.268019228
2017-02-07	-0.1	6.2	59	94	3.012	0.257761412
2017-02-08	-2.2	3.3	61	91	2.374	0.405381944
2017-02-09	-2	-0.7	78	93	4.610	0.140914326
2017-02-10	-0.9	0.6	78	93	5.598	0.107349549
2017-02-11	-0.9	2.8	75	89	8.525	0.277922465
2017-02-12	-0.3	3.8	72	87	8.512	0.251157431
2017-02-13	-2.7	5.3	56	91	4.767	0.247106465
2017-02-14	-5	7.3	54	96	7.574	0.201244222
2017-02-15	-5.4	11.6	48	95	8.696	0.265190979
2017-02-16	-4	11.4	50	96	8.406	0.436776632
2017-02-17	-3.4	3.7	83	97	3.008	0.309461826
2017-02-18	0.1	10.9	55	98	7.034	0.416377326
2017-02-19	-1.7	10.6	41	94	6.121	0.370370382
2017-02-20	-2.5	11.6	41	94	1.537	0.246383104
2017-02-21	0	9.3	59	92	10.551	0.194878493
2017-02-22	1.7	15.1	46	93	8.400	0.384114569
2017-02-23	8.2	16	43	64	7.650	0.772858819
2017-02-24	4.2	13.1	46	88	5.715	0.581452549
2017-02-25	-1.4	11.2	31	94	8.648	0.366464118
2017-02-26	-4.4	11.4	32	96	7.614	0.314959465
2017-02-27	-0.2	14.9	28	90	9.583	1.16739
2017-02-28	8.8	13.6	44	59	9.392	1.485677111
2017-03-01	0.7	12.6	44	92	4.933	0.527199104
2017-03-02	-1.2	15.7	36	96	7.880	0.338975674
2017-03-03	1.6	13.5	50	90	8.319	0.717158576
2017-03-04	6.1	17.4	37	80	12.104	1.546585667
2017-03-05	7.3	12.8	54	85	9.285	0.753616903
2017-03-06	2.5	11.4	57	92	6.822	0.672164368
2017-03-07	2.4	11.6	34	93	12.874	0.726128472
2017-03-08	1.4	13.8	28	81	10.271	0.651331042
2017-03-09	1.2	16	38	86	13.005	0.380787021
2017-03-10	5.4	12.3	34	90	11.809	1.461660896
2017-03-11	0.3	12.1	27	75	9.517	0.623553229
2017-03-12	0.5	9.7	33	78	13.337	0.731915528
2017-03-13	-2.9	12.9	28	87	13.425	0.396846063
2017-03-14	-0.8	0.9	77	85	6.119	0.550491903
2017-03-15	3.7	15.1	36	85	10.126	0.329427056
2017-03-16	-0.5	18.7	25	94	11.660	0.525896986
2017-03-17	-0.1	20.4	25	92	12.293	0.517939819
2017-03-18	6.8	15.2	47	85	9.736	0.36197916
2017-03-19	4.6	16	45	91	12.362	0.609374993
2017-03-20	3.8	21.8	34	92	13.338	0.546585646
2017-03-21	5	21.2	39	93	14.176	0.53544559
2017-03-22	6.8	19.6	41	87	13.873	0.551359972
2017-03-23	2.7	21.2	34	94	15.639	0.660011563
2017-03-24	4	19.7	42	92	15.735	0.528935243
2017-03-25	2.5	16.5	33	90	12.838	0.417534743
2017-03-26	2.6	12.6	21	79	10.625	0.900462972
2017-03-27	-1.7	14.8	21	82	14.852	0.592592569
2017-03-28	-1.5	21.6	18	87	15.379	0.427228014
2017-03-29	2.6	23.3	22	86	15.509	0.551215271
2017-03-30	4.6	21.4	30	85	13.099	0.490017403
2017-03-31	3.3	22.5	28	92	11.908	0.454716438
2017-04-01	3.8	24.1	21	92	7.722	0.727430556
2017-04-02	4	24.8	21	91	10.233	0.394531257
2017-04-03	5.1	24.6	18	85	9.102	0.671730299
2017-04-04	8.6	20.3	36	88	13.042	0.683593729
2017-04-05	9	15.7	55	88	16.324	0.359809028
2017-04-06	6.8	13	29	90	16.484	0.812065986
2017-04-07	4.2	15.1	30	83	7.283	0.549913181
2017-04-08	6.4	19.3	37	89	16.123	0.511429424
2017-04-09	5.4	21	34	91	12.219	0.31278934
2017-04-10	4.1	25.2	24	92	14.117	0.479456
2017-04-11	4.6	15.1	55	90	12.116	0.243344917
2017-04-12	0.5	17.3	34	93	8.813	0.482060181
2017-04-13	7.6	21.1	32	87	11.663	0.351273111
2017-04-14	4.8	21.1	34	91	6.258	0.358796306
2017-04-15	9.4	16.8	52	92	5.238	0.288628451
2017-04-16	7.4	15.7	31	94	12.917	0.403067132
2017-04-17	2.7	15.1	32	86	19.493	0.377893521
2017-04-18	3.2	9.8	48	89	14.243	0.330005799
2017-04-19	2.6	6.2	38	68	11.067	2.175491882
2017-04-20	-0.1	8.2	30	76	20.507	2.371238424
2017-04-21	-3.6	14.7	18	89	18.531	0.456597208
2017-04-22	-1.7	18.5	22	92	10.635	0.391203688
2017-04-23	4.9	14.4	23	88	2.831	0.337094896
2017-04-24	2	18.5	33	89	3.489	0.830873806
2017-04-25	11.1	20.4	36	72	13.217	1.57045716
2017-04-26	11.3	19.7	35	79	18.249	1.382233819
2017-04-27	6.5	14.5	61	92	16.075	0.268373847
2017-04-28	5.1	8	89	94	19.181	0.199363417
2017-04-29	2.6	13.7	41	98	6.085	0.3515625
2017-04-30	0	17.2	32	95	17.401	0.306568257
2017-05-01	8.4	19.6	38	87	6.667	0.283130743
2017-05-02	8.2	20.6	30	92	21.043	0.350983799
2017-05-03	7.2	15.5	68	92	8.632	0.210937507
2017-05-04	6.1	20.5	41	98	19.303	0.512152743
2017-05-05	7.5	13.7	68	91	11.106	0.301359924
2017-05-06	7.1	22.3	30	90	22.616	0.701244222
2017-05-07	11.2	19.8	55	91	20.905	0.221932882
2017-05-08	10.3	21.8	28	87	17.233	0.746672451
2017-05-09	5.6	14.5	49	82	15.905	0.289785868
2017-05-10	3.9	16.8	34	85	20.977	0.416666653
2017-05-11	5	21.5	43	92	7.070	0.858506931
2017-05-12	14.8	24.7	35	70	20.004	0.826678215
2017-05-13	12	23.2	41	90	19.445	0.38628475
2017-05-14	9.9	25.7	34	93	23.966	0.416377319
2017-05-15	12.7	17.8	72	93	24.081	0.410734944
2017-05-16	9.7	24.3	33	98	13.017	0.345775465
2017-05-17	11.5	25.1	27	88	13.388	0.188368042
2017-05-18	8.1	25.2	28	94	22.651	0.442563639
2017-05-19	9	27.2	26	93	20.666	0.683159701
2017-05-20	11.2	23.5	34	87	8.765	0.378761597
2017-05-21	11.9	21	46	85	15.995	0.726128458
2017-05-22	10.2	26.1	33	83	23.291	0.413628507
2017-05-23	13.4	26.3	30	88	20.070	0.491753458
2017-05-24	11.2	21.7	46	92	24.569	0.396556674
2017-05-25	10.1	20	37	89	24.391	0.497685153
2017-05-26	9.3	23.8	31	83	23.679	0.358217604
2017-05-27	11.7	26.1	30	88	19.621	0.379774292
2017-05-28	10.6	26.5	27	90	19.722	0.279947903
2017-05-29	8.9	29	28	92	21.400	0.279079854
2017-05-30	12.3	31.1	33	92	23.461	0.16811341
2017-05-31	16	29.4	36	92	19.721	0.293547444
2017-06-01	16.2	28.2	36	93	19.681	0.25911459
2017-06-02	16.2	29.5	34	92	15.494	0.273582174
2017-06-03	16.3	28.9	34	92	6.663	0.279224535
2017-06-04	14.8	29.1	32	95	26.083	0.590567111
2017-06-05	13.9	26	42	94	25.661	0.235098396
2017-06-06	13.5	26.6	47	93	21.103	0.669126181
2017-06-07	11.4	17.2	62	91	25.612	0.401331035
2017-06-08	9.2	24	23	92	22.698	0.474247715
2017-06-09	7.8	26.4	29	93	24.103	0.310763875
2017-06-10	12.1	25.5	43	91	18.729	0.347366889
2017-06-11	11.6	27.4	26	90	25.335	0.285300931
2017-06-12	10.7	31.3	30	92	12.815	0.3355035
2017-06-13	18.8	29.6	41	95	20.637	0.240162028
2017-06-14	15.3	24.9	40	89	23.778	0.125868049
2017-06-15	13.7	28.6	36	93	25.606	0.1484375
2017-06-16	14.6	25.6	52	92	24.286	0.272714118
2017-06-17	14.7	23.8	25	90	16.521	0.389467618
2017-06-18	13.8	25.6	30	78	23.305	0.735821771
2017-06-19	11.7	29.5	27	88	16.223	0.373119215
2017-06-20	12.3	32	30	93	21.431	0.183159708
2017-06-21	17.1	32.4	30	90	7.250	0.214554389
2017-06-22	15.4	34.1	24	95	25.769	0.160156236
2017-06-23	17.3	34.5	32	94	18.696	0.278067132
2017-06-24	16.4	31.9	41	94	14.719	0.127459486
2017-06-25	17.9	25.1	57	92	22.805	0.343171264
2017-06-26	15.2	29.1	34	97	15.052	0.308883097
2017-06-27	15	28.7	41	93	23.145	0.247395826
2017-06-28	16.4	29.9	44	93	14.204	0.468026597
2017-06-29	15.3	26.1	38	93	20.650	1.067997681
2017-06-30	13.1	26.8	27	86	24.959	0.735243049
2017-07-01	15.8	27.1	29	79	20.036	0.446759236
2017-07-02	12.7	25	32	89	20.181	0.549479153
2017-07-03	13.4	26	30	85	17.011	0.479311333
2017-07-04	10.6	29.5	26	92	21.480	0.275462951
2017-07-05	13.7	30.6	30	92	22.815	0.358506917
2017-07-06	14.9	32.3	32	91	23.661	0.244502313
2017-07-07	17.3	33.6	32	92	14.127	0.278067125
2017-07-08	17.3	33.5	23	92	24.599	0.489149271
2017-07-09	18	34.8	30	90	21.145	0.286313646
2017-07-10	18.4	35.2	15	89	7.978	0.735677083
2017-07-11	18.7	30.1	30	86	18.087	0.405237285
2017-07-12	16.5	30.5	36	92	19.225	0.486111118
2017-07-13	14.6	29.1	21	93	23.275	0.36603009
2017-07-14	10.3	20.3	40	88	24.054	0.307002306
2017-07-15	12.9	23.8	31	88	21.423	0.835648167
2017-07-16	11.1	25.3	24	80	22.711	0.585069451
2017-07-17	10.4	29.4	24	88	22.474	0.444878438
2017-07-18	11.6	31.2	20	91	16.330	0.352719917
2017-07-19	13.1	33	20	90	15.884	0.551793979
2017-07-20	14.1	34.8	20	90	5.780	0.43200234
2017-07-21	16.2	32.8	26	85	19.602	0.2734375
2017-07-22	18.2	34.8	22	86	14.139	0.276909701
2017-07-23	17.9	30.8	40	89	13.771	0.507812486
2017-07-24	16.4	23	73	92	20.324	0.424479188
2017-07-25	13.7	25.5	28	93	23.430	0.468460646
2017-07-26	11.6	23.3	44	92	20.332	0.32928241
2017-07-27	15.5	24.5	38	94	22.785	0.152488424
2017-07-28	14.6	30.4	29	92	22.511	0.349247688
2017-07-29	16.9	29.4	34	91	19.642	0.306423604
2017-07-30	15.4	32.7	32	92	21.650	0.359953722
2017-07-31	15.7	34.1	29	92	20.741	0.334056715
2017-08-01	16.9	34.9	28	92	20.635	0.303964139
2017-08-02	19.1	36	26	90	7.830	0.556423639
2017-08-03	19.5	36.3	25	83	21.971	0.585937472
2017-08-04	19.5	38.6	23	90	17.079	0.419560201
2017-08-05	20.3	33.5	33	88	16.259	0.321469924
2017-08-06	16.8	26.2	56	90	16.649	0.490017347
2017-08-07	15.1	27.2	34	89	18.540	0.434172458
2017-08-08	13.9	27.6	51	92	8.850	0.287181722
2017-08-09	17	32.6	44	93	16.985	0.338975688
2017-08-10	17.2	33.9	34	97	20.566	0.745225674
2017-08-11	17.6	29.6	39	97	20.084	0.583043986
2017-08-12	14	21.9	59	92	16.673	0.325231486
2017-08-13	12.6	26.7	41	92	19.137	0.297309021
2017-08-14	12.8	28.7	31	94	18.578	0.273726882
2017-08-15	12.7	29.7	30	94	5.946	0.331741903
2017-08-16	13.6	30.9	28	94	14.032	0.310474528
2017-08-17	17.4	31.4	31	88	14.747	0.290075229
2017-08-18	15.4	32.4	27	94	17.588	0.358217611
2017-08-19	15.4	24.4	52	91	17.906	0.322338
2017-08-20	12.6	23.6	35	92	17.399	0.617621542
2017-08-21	9.3	23.1	28	91	14.107	0.679687507
2017-08-22	8.1	24.3	31	90	16.785	0.414785896
2017-08-23	10.1	26.3	33	92	16.012	0.302372694
2017-08-24	11	30	36	94	8.033	0.344184028
2017-08-25	13.6	31.4	32	96	17.459	0.38310184
2017-08-26	14.9	33.5	27	96	16.911	0.331597194
2017-08-27	17.9	34.2	29	92	15.622	0.436053194
2017-08-28	16	26	47	97	6.351	0.216869201
2017-08-29	12.4	26.4	34	96	6.023	0.304976833
2017-08-30	9.9	28.2	29	96	10.762	0.291666653
2017-08-31	11.8	32.9	35	94	15.657	0.231047493
2017-09-01	16.8	24.8	55	93	15.116	0.231047451
2017-09-02	12.6	18.4	59	92	10.138	0.186921264
2017-09-03	12.1	19.3	44	92	4.426	0.613136542
2017-09-04	7	23.5	28	90	10.149	0.379340285
2017-09-05	7.7	25.4	24	96	13.226	0.407407444
2017-09-06	9.5	24.6	50	95	5.409	0.216579833
2017-09-07	12.1	17.6	83	93	3.731	0.147714111
2017-09-08	10.2	20	57	98	4.395	0.265624958
2017-09-09	9	25.2	45	98	13.318	0.643229167
2017-09-10	13.4	23.5	52	92	14.363	0.155237278
2017-09-11	13.5	19.2	88	97	4.639	0.113570583
2017-09-12	12.1	17.1	80	94	3.635	0.349247688
2017-09-13	7.6	21.1	42	95	5.299	0.593005957
2017-09-14	10.4	23.7	44	91	8.359	1.044704861
2017-09-15	10	14.1	71	94	0.500	0.142795132
2017-09-16	11.3	15.3	82	97	2.620	0.177372708
2017-09-17	9	16.3	70	97	12.225	0.209056715
2017-09-18	8.3	16.6	61	98	12.705	0.303964125
2017-09-19	8.9	12.7	92	96	12.180	0.694878451
2017-09-20	8.9	13.4	63	92	6.783	0.291087951
2017-09-21	8.3	18.9	33	80	5.816	0.933738396
2017-09-22	5.7	23	29	91	4.551	0.364149319
2017-09-23	6	21.4	38	97	4.809	0.336660875
2017-09-24	10.3	18.4	58	94	9.649	0.163628486
2017-09-25	10.8	17.1	61	95	11.165	0.051504618
2017-09-26	11.7	17.3	76	93	11.496	0.46108216
2017-09-27	12.3	17.5	78	93	11.524	0.227864583
2017-09-28	8.8	21.2	42	98	11.188	0.172453694
2017-09-29	6	19.7	35	97	3.586	0.143518507
2017-09-30	3.3	18.9	32	97	10.897	0.203269674
2017-10-01	1.8	18.4	35	96	10.645	0.203414319
2017-10-02	1.9	18.8	34	96	6.891	0.240306688
2017-10-03	4.9	17.2	62	96	7.243	0.184461799
2017-10-04	7.8	19.1	48	98	8.751	0.492187486
2017-10-05	9.6	23.2	44	97	6.610	0.498553236
2017-10-06	5.8	14.5	62	92	10.042	0.346209465
2017-10-07	2.3	17.8	40	95	9.580	0.343026604
2017-10-08	3.4	18.8	44	95	9.616	0.215277757
2017-10-09	5.2	14.7	52	97	9.023	0.103153931
2017-10-10	7.8	18.5	55	95	9.438	0.212239556
2017-10-11	6.1	20.9	49	97	9.380	0.177951368
2017-10-12	4.4	24	41	98	9.897	0.254918979
2017-10-13	6.3	22.7	49	98	8.992	0.163049799
2017-10-14	7	21.4	47	98	8.706	0.241174757
2017-10-15	5.8	23.8	48	98	9.435	0.204282389
2017-10-16	8.6	24.3	47	98	9.104	0.125289347
2017-10-17	5.7	24.1	45	98	6.849	0.166087958
2017-10-18	7.5	23.3	31	98	1.449	0.206018528
2017-10-19	4.3	19.6	59	97	2.258	0.218171264
2017-10-20	6.4	20.5	52	98	9.098	0.128616896
2017-10-21	7	18.8	65	98	7.739	0.148726847
2017-10-22	7.2	11.4	92	98	8.041	0.203269639
2017-10-23	7.3	11.6	54	94	2.458	0.528935208
2017-10-24	4.7	16	45	89	5.127	1.233796306
2017-10-25	1.6	16.7	49	96	4.653	0.241464111
2017-10-26	3.4	20.1	49	98	5.307	0.222366903
2017-10-27	7.4	13.1	58	98	8.002	0.50564234
2017-10-28	1.3	14.2	41	93	5.745	0.262586806
2017-10-29	5.1	16.7	31	92	4.557	0.766203722
2017-10-30	0.3	12.3	28	92	6.607	0.57638891
2017-10-31	-0.8	14.3	30	94	6.361	0.293981472
2017-11-01	-1.7	14.3	42	95	5.928	0.236979188
2017-11-02	0.8	13	69	95	0.927	0.153067111
2017-11-03	3.2	15.6	57	97	0.925	0.30208334
2017-11-04	0.6	16.4	45	98	1.444	0.185908556
2017-11-05	3	18.7	49	98	4.022	0.50376159
2017-11-06	6.8	8.9	86	91	4.719	0.31018516
2017-11-07	7.6	9.4	74	93	4.170	0.271701417
2017-11-08	3.5	8.9	87	96	2.803	0.155671278
2017-11-09	4.9	9.8	70	97	1.248	0.267071736
2017-11-10	3.6	12	65	96	4.624	0.177083326
2017-11-11	1	9.8	74	98	3.514	0.294126174
2017-11-12	3.5	10.6	72	97	2.257	0.313078715
2017-11-13	2.7	8.5	50	93	0.514	0.696325271
2017-11-14	-2	8	43	88	4.392	0.530671326
2017-11-15	-3.5	5.9	56	94	2.206	0.246238403
2017-11-16	3.9	6.6	68	84	4.825	0.138310181
2017-11-17	3.8	5.1	82	90	3.721	0.12659141
2017-11-18	-1.2	9.4	69	94	5.125	0.201533563
2017-11-19	-2.5	4	92	98	5.040	0.268663181
2017-11-20	-4	11.1	32	98	4.803	0.239583313
2017-11-21	-0.5	10.8	53	92	3.357	0.243634243
2017-11-22	1.8	16.5	46	90	2.560	0.27734375
2017-11-23	-1.7	16.3	39	97	5.165	0.166521979
2017-11-24	-0.9	4.3	90	98	3.826	0.214554403
2017-11-25	0.8	14.4	62	99	1.067	0.686053264
2017-11-26	-0.2	7.9	51	91	0.847	0.406828694
2017-11-27	-3.4	7.8	35	91	1.728	0.340133125
2017-11-28	-5	6.4	47	94	4.703	0.136718743
2017-11-29	0.2	6.2	63	94	4.817	0.328703722
2017-11-30	0.1	3.2	88	97	1.517	0.107494201
2017-12-01	0.2	2.6	93	98	4.282	0.068721056
2017-12-02	-2.9	5	56	96	4.451	0.324508076
2017-12-03	-4.6	4.1	48	90	4.646	0.328414354
2017-12-04	-7.1	-0.3	80	93	1.323	0.297164347
2017-12-05	-2.6	7.9	49	92	0.438	0.354166681
2017-12-06	-3.2	8.2	56	95	1.091	0.210069444
2017-12-07	-5.4	4	74	95	0.849	0.304832208
2017-12-08	-5.1	10.8	62	98	1.310	0.45587384
2017-12-09	-4.6	1.9	84	95	1.920	0.114149285
2017-12-10	-10	3.8	62	91	1.489	1.117621514
2017-12-11	2.1	13.6	60	88	0.592	0.934751194
2017-12-12	3.3	14.8	54	89	3.653	1.166377368
2017-12-13	-0.5	4.1	82	94	4.148	0.124855319
2017-12-14	0.1	10.4	61	93	4.254	0.394675944
2017-12-15	-0.2	4.8	93	98	4.309	0.33521409
2017-12-16	-1	7	64	96	2.670	0.279224521
2017-12-17	-2.7	6.4	49	98	2.984	0.418981465
2017-12-18	-4	4.8	53	93	3.203	0.403356479
2017-12-19	-6.3	4	46	92	3.943	0.31901041
2017-12-20	-2.5	2.6	69	89	3.733	0.17071759
2017-12-21	-3.7	4.9	55	94	4.189	0.278645826
2017-12-22	-2.6	4.1	75	93	3.703	0.232783569
2017-12-23	-3.4	7.7	66	97	2.343	0.303530076
2017-12-24	-1.5	14.7	44	93	0.683	0.44270834
2017-12-25	-3.3	10.1	58	97	3.786	0.443576389
2017-12-26	-4.5	12.2	58	97	3.201	0.616753521
2017-12-27	3.7	13.2	53	86	4.143	0.790653896
2017-12-28	0.4	9.5	70	96	0.765	0.47048609
2017-12-29	-2.8	6.6	32	98	2.601	0.179832167
2017-12-30	-3.7	5.8	52	93	2.671	0.245804396
2017-12-31	0.7	12	44	84	2.295	0.390625007
2018-01-01	4.3	9.8	60	94	2.823	0.294560208
2018-01-02	-1	5	89	97	4.528	0.501880806
2018-01-03	-3.6	8.7	40	98	4.083	0.195601868
2018-01-04	-3.4	7	66	94	1.833	0.131510417
2018-01-05	-0.6	11.8	70	94	0.665	0.396267368
2018-01-06	8.2	15.4	56	82	1.343	1.007233861
2018-01-07	4.2	12.5	67	95	1.722	0.457609917
2018-01-08	4.8	6.2	94	98	1.783	0.182581014
2018-01-09	5.6	6.3	97	98	0.547	0.217303243
2018-01-10	4.5	5.7	97	98	0.446	0.179687465
2018-01-11	4.2	6.6	82	98	0.387	0.330439847
2018-01-12	1	6.4	79	96	2.499	0.259548604
2018-01-13	1.1	4.2	88	93	2.450	0.169415493
2018-01-14	-1.4	1.5	78	94	4.301	0.471354146
2018-01-15	-2.5	-0.8	87	93	1.019	0.056568271
2018-01-16	-1.1	7.4	62	91	5.214	0.296874979
2018-01-17	-1.7	5.7	58	91	3.815	0.354166653
2018-01-18	-2.8	9.2	27	80	3.314	0.399305535
2018-01-19	-1.1	7.9	51	94	5.733	0.272569444
2018-01-20	-2.3	8.4	43	97	5.537	0.384114569
2018-01-21	0.3	7.8	57	87	5.550	0.499710639
2018-01-22	-3.9	4.1	53	89	4.429	0.468315965
2018-01-23	-1.5	9.6	49	92	1.072	0.347945604
2018-01-24	-3.4	10.1	53	94	2.214	0.230324063
2018-01-25	-3.1	8.8	57	95	6.543	0.338252285
2018-01-26	-2.4	6.7	74	96	6.513	0.352575215
2018-01-27	0.4	3.1	87	98	2.846	0.271122681
2018-01-28	1	6.2	79	96	4.343	0.336950201
2018-01-29	-1.4	16.5	35	99	0.331	0.361979181
2018-01-30	-0.8	15.5	37	97	0.715	0.491030097
2018-01-31	-2.4	7.1	67	97	6.999	0.208622681
2018-02-01	6.8	12.1	58	86	5.929	0.936921326
2018-02-02	0.2	7.5	84	97	2.210	0.115162014
2018-02-03	-0.1	1.7	95	98	0.948	0.173321757
2018-02-04	-2.2	7	42	96	1.503	0.240885417
2018-02-05	-2.9	4.7	71	96	2.904	0.183449035
2018-02-06	-1.3	1.2	78	90	2.120	0.417390049
2018-02-07	-1.3	0.6	90	96	8.774	0.166956007
2018-02-08	0	3.9	86	98	1.621	0.028211813
2018-02-09	-0.7	2.5	76	97	5.292	0.207175951
2018-02-10	-0.9	1.7	72	93	8.394	0.133246521
2018-02-11	-1.7	4.7	49	90	9.792	0.39279516
2018-02-12	-1	1.7	74	94	4.995	0.242766208
2018-02-13	0	3.3	58	90	9.618	0.4921875
2018-02-14	-3.4	5.3	44	85	4.576	0.691695604
2018-02-15	-6.7	5.4	35	90	5.347	0.444589118
2018-02-16	-3.6	3.7	58	85	2.197	0.189380785
2018-02-17	-2.7	6.9	58	92	2.358	0.567418972
2018-02-18	0.2	4.2	62	94	0.910	0.612991896
2018-02-19	-1.5	2.8	52	89	1.601	0.291521986
2018-02-20	-1	0.8	87	93	4.593	0.396990743
2018-02-21	-1	1.8	79	93	10.574	0.471788174
2018-02-22	-1.6	-0.3	83	90	5.439	0.54166666
2018-02-23	-1.8	0.6	86	93	7.655	0.228877319
2018-02-24	-5.3	1.3	46	93	11.383	0.619357646
2018-02-25	-10.8	-3.5	40	70	7.261	0.919415514
2018-02-26	-12	-6.9	50	80	4.163	1.28038191
2018-02-27	-10.4	-6.3	51	81	6.522	0.984809007
2018-02-28	-18.4	-3.7	35	86	8.170	0.304398153
2018-03-01	-19.1	-5.6	62	86	3.251	0.503182875
2018-03-02	-8	-4.4	71	89	9.438	0.295283597
2018-03-03	-5.2	0.4	62	89	10.385	0.500868028
2018-03-04	-2.2	3.4	42	84	12.940	0.501302083
2018-03-05	-2.2	0.3	84	93	9.329	0.556568313
2018-03-06	-2	5.8	62	93	10.029	0.370225667
2018-03-07	-1.7	12.2	45	94	7.386	0.387152792
2018-03-08	1.3	10.9	44	94	8.994	0.599826396
2018-03-09	-1.6	12.8	39	91	9.515	0.543547472
2018-03-10	0.2	14.1	45	88	11.064	0.624131938
2018-03-11	0.4	14.5	59	90	9.379	0.662760431
2018-03-12	7.5	16	42	92	6.239	1.442563646
2018-03-13	3	18.5	31	91	1.815	0.587818292
2018-03-14	4.3	15.3	34	95	1.222	0.543113451
2018-03-15	4.7	14.7	38	93	2.017	0.928964132
2018-03-16	4.2	12.3	64	96	8.814	0.430410882
2018-03-17	0.6	5.6	91	97	8.946	0.520978007
2018-03-18	-2.9	0.8	74	96	14.360	0.544560201
2018-03-19	-3.8	-1	70	88	5.879	0.336516208
2018-03-20	-3.8	2.4	57	84	12.379	0.33912034
2018-03-21	-1.6	4.9	39	82	5.596	0.846354153
2018-03-22	-5.4	6.5	28	87	13.730	0.605468708
2018-03-23	-4.4	5.4	55	88	11.458	0.426504639
2018-03-24	-1.5	9.2	39	87	11.378	0.795428229
2018-03-25	-2	5.7	49	91	3.040	0.399305549
2018-03-26	-2.7	11.4	42	92	6.364	0.453559
2018-03-27	1.7	12.2	38	92	4.760	0.622685174
2018-03-28	-0.1	13.5	51	97	13.908	0.584056701
2018-03-29	7.9	12.5	54	93	18.239	0.597945597
2018-03-30	5.3	15.2	61	94	12.480	0.400896979
2018-03-31	4.5	13.9	54	97	9.669	0.665943278
2018-04-01	4.7	15.7	26	97	8.754	0.940827549
2018-04-02	-0.4	17.3	22	85	19.003	0.79296875
2018-04-03	11.2	18.5	30	47	13.166	1.37977434
2018-04-04	12.3	16.6	43	67	18.995	1.729745403
2018-04-05	9.3	17.8	44	85	17.768	0.687789354
2018-04-06	3.4	16.6	30	91	13.584	0.657986132
2018-04-07	1.8	15.9	38	91	17.040	0.853877319
2018-04-08	4.1	21.7	25	97	8.055	0.689525479
2018-04-09	5.7	24	23	89	19.761	0.942563632
2018-04-10	7.7	18.1	41	88	19.718	1.390769674
2018-04-11	9.3	21.3	31	82	11.297	1.094184021
2018-04-12	7.2	20	42	92	12.526	0.491753472
2018-04-13	11	19.9	32	96	13.330	1.462962931
2018-04-14	4.1	22.1	28	90	20.106	0.472511569
2018-04-15	10.9	22.1	46	85	20.613	0.516493035
2018-04-16	14	22.3	54	92	20.311	0.683159694
2018-04-17	12.7	21.2	37	91	20.378	0.607349514
2018-04-18	9.8	22.4	29	82	19.581	0.734085639
2018-04-19	6.9	26.2	20	91	16.664	0.541666674
2018-04-20	8.9	26.4	26	88	13.624	0.514178264
2018-04-21	7.2	26.4	22	94	19.701	0.44155091
2018-04-22	8.1	28.8	26	92	9.046	0.339409736
2018-04-23	11.8	28.7	26	90	20.115	0.523437507
2018-04-24	12.4	25.3	32	89	20.292	0.20833334
2018-04-25	9.1	27.1	30	96	20.432	0.419704875
2018-04-26	9.7	20.2	46	92	21.127	0.477719882
2018-04-27	9.6	19.9	46	92	18.078	0.409288181
2018-04-28	6.8	26.5	32	96	20.144	0.335648132
2018-04-29	10.6	28.3	26	96	19.359	0.382812472
2018-04-30	10.9	24.2	28	92	9.719	1.223379618
2018-05-01	13.8	22.3	24	78	11.611	0.656828708
2018-05-02	11.7	27.3	40	88	20.805	0.50766784
2018-05-03	11.4	26	39	97	21.789	0.488281215
2018-05-04	14.5	24.2	51	90	16.295	0.709201417
2018-05-05	14.4	23.6	55	93	23.031	0.561197917
2018-05-06	12.6	23.3	31	77	22.587	0.386718708
2018-05-07	11.9	25.4	34	87	13.910	0.327690951
2018-05-08	9.1	22.7	34	91	21.482	0.444010431
2018-05-09	9.4	25.2	27	94	20.313	0.365740736
2018-05-10	11.8	26.9	32	88	3.269	0.388888868
2018-05-11	13.5	23.5	51	90	5.928	0.232783576
2018-05-12	12.1	27.3	39	96	18.948	0.384548576
2018-05-13	12.2	27	40	96	19.235	0.410734965
2018-05-14	12.3	16.3	86	93	18.842	0.30338541
2018-05-15	8.6	16.3	63	94	15.052	0.421441007
2018-05-16	8	20.9	40	97	15.568	0.521122688
2018-05-17	10	22.4	36	92	23.238	0.466001153
2018-05-18	11.3	22.6	36	93	16.535	0.490017354
2018-05-19	10.2	22.8	43	92	17.212	0.46035884
2018-05-20	12.9	22.4	46	88	13.485	0.422164368
2018-05-21	11.8	24.3	32	90	13.704	0.411313653
2018-05-22	10.2	24.2	51	94	25.036	0.218749993
2018-05-23	11.9	27.5	42	96	18.765	0.197771965
2018-05-24	15.5	25.4	52	92	21.642	0.391493063
2018-05-25	14.4	21.7	63	92	13.825	0.349536986
2018-05-26	12.6	27.2	36	97	23.544	0.281105313
2018-05-27	13.2	28.7	37	95	19.805	0.343026639
2018-05-28	15.1	29.3	36	91	17.871	0.334490736
2018-05-29	16.4	28.9	37	94	21.377	0.360387729
2018-05-30	16.1	28.3	35	95	23.713	0.326388875
2018-05-31	14.6	29	42	94	21.694	0.207175931
2018-06-01	15.7	30.2	34	93	18.650	0.347077542
2018-06-02	13.9	28.6	38	96	18.348	0.487702528
2018-06-03	15.6	28.2	37	87	14.945	0.382667833
2018-06-04	15.1	28.8	43	95	21.238	0.413917819
2018-06-05	16.2	29.1	36	94	19.553	0.308449063
2018-06-06	15.1	29.3	41	95	24.346	0.342303229
2018-06-07	16.9	27.4	53	93	23.664	0.211082174
2018-06-08	15.8	29.3	44	97	13.927	0.387152778
2018-06-09	16.2	26.6	48	96	15.410	0.401041674
2018-06-10	15.7	30.3	34	97	9.435	0.302806708
2018-06-11	17.6	30	41	92	19.181	0.296875007
2018-06-12	16.6	30.5	39	93	16.674	0.319299792
2018-06-13	14.8	23.6	58	95	14.320	0.340567139
2018-06-14	15	17.3	61	90	23.911	0.428385424
2018-06-15	13.7	23.8	39	86	19.137	0.439814826
2018-06-16	15.7	26.5	38	70	24.908	0.452112285
2018-06-17	17.5	26.4	48	78	24.300	0.385416681
2018-06-18	16.2	28.2	27	80	12.422	0.79947916
2018-06-19	13.7	28	32	84	18.381	0.398582208
2018-06-20	15.8	30.4	31	88	20.059	0.430700208
2018-06-21	15.7	31.3	35	94	16.925	0.68243634
2018-06-22	10.5	19	54	91	14.539	0.32364
2018-06-23	7.1	22.7	27	92	18.764	0.480179375
2018-06-24	12.2	22.1	40	91	8.759	0.248987222
2018-06-25	11.7	20.9	46	91	13.614	0.229021972
2018-06-26	11.5	23.3	39	91	18.454	0.463831035
2018-06-27	13	22.4	41	88	23.623	0.65060766
2018-06-28	13.9	22.6	62	91	21.344	0.319733799
2018-06-29	17	26.1	48	81	18.032	0.768084535
2018-06-30	14.8	27.8	33	84	23.975	0.405816
